0.0000 -0.0096 -0.5358 0.9647 -0.4289 0.0096 
0.0000 -0.0096 -0.5358 0.9647 -0.4289 0.0096 
0.0000 -0.0096 -0.5358 0.9647 -0.4289 0.0096 
0.0000 -0.0096 -0.5358 0.9647 -0.4289 0.0096 
0.0000 -0.0096 -0.5358 0.9647 -0.4289 0.0096 
0.0000 -0.0096 -0.5358 0.9647 -0.4289 0.0096 
0.0000 -0.0096 -0.5358 0.9647 -0.4289 0.0096 
0.0000 -0.0096 -0.5358 0.9647 -0.4289 0.0096 
0.0000 -0.0096 -0.5358 0.9647 -0.4289 0.0096 
0.0000 -0.0096 -0.5358 0.9647 -0.4289 0.0096 
0.0000 -0.0096 -0.5358 0.9647 -0.4289 0.0096 
0.0000 -0.0096 -0.5358 0.9647 -0.4289 0.0096 
0.0000 -0.0096 -0.5358 0.9647 -0.4289 0.0096 
0.0000 -0.0096 -0.5358 0.9647 -0.4289 0.0096 
0.0000 -0.0096 -0.5358 0.9647 -0.4289 0.0096 
0.0000 -0.0096 -0.5358 0.9647 -0.4289 0.0096 
0.0000 -0.0096 -0.5358 0.9647 -0.4289 0.0096 
0.0000 -0.0096 -0.5358 0.9647 -0.4289 0.0096 
0.0000 -0.0096 -0.5358 0.9647 -0.4289 0.0096 
0.0000 -0.0096 -0.5358 0.9647 -0.4289 0.0096 
0.0000 -0.0096 -0.5358 0.9647 -0.4289 0.0096 
0.0000 -0.0096 -0.5358 0.9647 -0.4289 0.0096 
0.0000 -0.0096 -0.5358 0.9647 -0.4289 0.0096 
0.0000 -0.0096 -0.5358 0.9647 -0.4289 0.0096 
0.0000 -0.0103 -0.5342 0.9622 -0.4280 0.0103 
0.0000 -0.0103 -0.5342 0.9622 -0.4280 0.0103 
0.0000 -0.0103 -0.5342 0.9622 -0.4280 0.0103 
0.0000 -0.0104 -0.5342 0.9622 -0.4280 0.0104 
0.0000 -0.0104 -0.5342 0.9622 -0.4280 0.0104 
0.0000 -0.0104 -0.5342 0.9622 -0.4280 0.0104 
0.0000 -0.0104 -0.5342 0.9622 -0.4280 0.0104 
0.0000 -0.0105 -0.5342 0.9622 -0.4280 0.0105 
0.0000 -0.0105 -0.5342 0.9622 -0.4280 0.0105 
0.0000 -0.0105 -0.5342 0.9622 -0.4280 0.0105 
0.0000 -0.0105 -0.5342 0.9622 -0.4280 0.0105 
0.0000 -0.0106 -0.5342 0.9622 -0.4280 0.0106 
0.0000 -0.0106 -0.5342 0.9622 -0.4280 0.0106 
0.0000 -0.0106 -0.5342 0.9622 -0.4280 0.0106 
0.0000 -0.0106 -0.5342 0.9622 -0.4280 0.0106 
0.0000 -0.0107 -0.5342 0.9622 -0.4280 0.0107 
0.0000 -0.0107 -0.5342 0.9622 -0.4280 0.0107 
0.0000 -0.0107 -0.5342 0.9622 -0.4280 0.0107 
0.0000 -0.0107 -0.5342 0.9622 -0.4280 0.0107 
0.0000 -0.0108 -0.5342 0.9622 -0.4280 0.0108 
0.0000 -0.0108 -0.5342 0.9622 -0.4280 0.0108 
0.0000 -0.0108 -0.5342 0.9622 -0.4280 0.0108 
0.0000 -0.0108 -0.5342 0.9622 -0.4280 0.0108 
0.0000 -0.0109 -0.5342 0.9622 -0.4280 0.0109 
0.0000 -0.0109 -0.5342 0.9622 -0.4280 0.0109 
0.0000 -0.0109 -0.5342 0.9622 -0.4280 0.0109 
0.0000 -0.0118 -0.5331 0.9606 -0.4275 0.0118 
0.0000 -0.0119 -0.5331 0.9606 -0.4275 0.0119 
0.0000 -0.0119 -0.5331 0.9606 -0.4275 0.0119 
0.0000 -0.0120 -0.5331 0.9606 -0.4274 0.0120 
0.0000 -0.0120 -0.5331 0.9606 -0.4274 0.0120 
0.0000 -0.0121 -0.5331 0.9606 -0.4274 0.0121 
0.0000 -0.0121 -0.5331 0.9606 -0.4274 0.0121 
0.0000 -0.0122 -0.5331 0.9606 -0.4274 0.0122 
0.0000 -0.0123 -0.5331 0.9605 -0.4274 0.0123 
0.0000 -0.0123 -0.5331 0.9605 -0.4274 0.0123 
0.0000 -0.0124 -0.5331 0.9605 -0.4274 0.0124 
0.0000 -0.0124 -0.5331 0.9605 -0.4274 0.0124 
0.0000 -0.0125 -0.5331 0.9605 -0.4274 0.0125 
0.0000 -0.0125 -0.5331 0.9605 -0.4274 0.0125 
0.0000 -0.0126 -0.5331 0.9605 -0.4274 0.0126 
0.0000 -0.0127 -0.5331 0.9605 -0.4274 0.0127 
0.0000 -0.0127 -0.5331 0.9605 -0.4274 0.0127 
0.0000 -0.0128 -0.5331 0.9605 -0.4274 0.0128 
0.0000 -0.0129 -0.5331 0.9605 -0.4274 0.0129 
0.0000 -0.0129 -0.5331 0.9605 -0.4274 0.0129 
0.0000 -0.0130 -0.5331 0.9605 -0.4274 0.0130 
0.0000 -0.0131 -0.5331 0.9605 -0.4274 0.0131 
0.0000 -0.0131 -0.5331 0.9605 -0.4274 0.0131 
0.0000 -0.0132 -0.5331 0.9605 -0.4274 0.0132 
0.0000 -0.0133 -0.5331 0.9605 -0.4274 0.0133 
0.0000 -0.0134 -0.5331 0.9605 -0.4274 0.0134 
0.0000 -0.0144 -0.5323 0.9594 -0.4271 0.0144 
0.0000 -0.0145 -0.5323 0.9594 -0.4271 0.0145 
0.0000 -0.0146 -0.5323 0.9594 -0.4271 0.0146 
0.0000 -0.0147 -0.5323 0.9594 -0.4271 0.0147 
0.0000 -0.0148 -0.5323 0.9594 -0.4271 0.0148 
0.0000 -0.0149 -0.5323 0.9594 -0.4271 0.0149 
0.0000 -0.0150 -0.5323 0.9594 -0.4271 0.0150 
0.0000 -0.0152 -0.5323 0.9594 -0.4271 0.0152 
0.0000 -0.0153 -0.5323 0.9593 -0.4271 0.0153 
0.0000 -0.0154 -0.5323 0.9593 -0.4271 0.0154 
0.0000 -0.0155 -0.5323 0.9593 -0.4271 0.0155 
0.0000 -0.0156 -0.5323 0.9593 -0.4271 0.0156 
0.0000 -0.0158 -0.5323 0.9593 -0.4271 0.0158 
0.0000 -0.0159 -0.5322 0.9593 -0.4271 0.0159 
0.0000 -0.0160 -0.5322 0.9593 -0.4271 0.0160 
0.0000 -0.0162 -0.5322 0.9593 -0.4271 0.0162 
0.0000 -0.0163 -0.5322 0.9593 -0.4271 0.0163 
0.0000 -0.0165 -0.5322 0.9593 -0.4271 0.0165 
0.0000 -0.0166 -0.5322 0.9593 -0.4270 0.0166 
0.0000 -0.0168 -0.5322 0.9593 -0.4270 0.0168 
0.0000 -0.0169 -0.5322 0.9592 -0.4270 0.0169 
0.0000 -0.0171 -0.5322 0.9592 -0.4270 0.0171 
0.0000 -0.0172 -0.5322 0.9592 -0.4270 0.0172 
0.0000 -0.0174 -0.5322 0.9592 -0.4270 0.0174 
0.0000 -0.0186 -0.5316 0.9585 -0.4268 0.0186 
0.0000 -0.0188 -0.5316 0.9584 -0.4268 0.0188 
0.0000 -0.0190 -0.5316 0.9584 -0.4268 0.0190 
0.0000 -0.0192 -0.5316 0.9584 -0.4268 0.0192 
0.0000 -0.0194 -0.5316 0.9584 -0.4268 0.0194 
0.0000 -0.0196 -0.5316 0.9584 -0.4268 0.0196 
0.0000 -0.0198 -0.5316 0.9584 -0.4268 0.0198 
0.0000 -0.0200 -0.5316 0.9583 -0.4268 0.0200 
0.0000 -0.0203 -0.5316 0.9583 -0.4268 0.0203 
0.0000 -0.0205 -0.5316 0.9583 -0.4268 0.0205 
0.0000 -0.0207 -0.5315 0.9583 -0.4267 0.0207 
0.0000 -0.0210 -0.5315 0.9583 -0.4267 0.0210 
0.0000 -0.0212 -0.5315 0.9582 -0.4267 0.0212 
0.0000 -0.0215 -0.5315 0.9582 -0.4267 0.0215 
0.0000 -0.0217 -0.5315 0.9582 -0.4267 0.0217 
0.0000 -0.0220 -0.5315 0.9582 -0.4267 0.0220 
0.0000 -0.0223 -0.5315 0.9582 -0.4267 0.0223 
0.0000 -0.0226 -0.5314 0.9581 -0.4267 0.0226 
0.0000 -0.0228 -0.5314 0.9581 -0.4267 0.0228 
0.0000 -0.0231 -0.5314 0.9581 -0.4267 0.0231 
0.0000 -0.0234 -0.5314 0.9581 -0.4267 0.0234 
0.0000 -0.0247 -0.5310 0.9575 -0.4265 0.0247 
0.0000 -0.0251 -0.5310 0.9575 -0.4265 0.0251 
0.0000 -0.0254 -0.5309 0.9574 -0.4265 0.0254 
0.0000 -0.0258 -0.5309 0.9574 -0.4265 0.0258 
0.0000 -0.0261 -0.5309 0.9574 -0.4265 0.0261 
0.0000 -0.0265 -0.5309 0.9573 -0.4264 0.0265 
0.0000 -0.0269 -0.5309 0.9573 -0.4264 0.0269 
0.0000 -0.0273 -0.5308 0.9572 -0.4264 0.0273 
0.0000 -0.0277 -0.5308 0.9572 -0.4264 0.0277 
0.0000 -0.0281 -0.5308 0.9572 -0.4264 0.0281 
0.0000 -0.0285 -0.5307 0.9571 -0.4264 0.0285 
0.0000 -0.0289 -0.5307 0.9571 -0.4263 0.0289 
0.0000 -0.0293 -0.5307 0.9570 -0.4263 0.0293 
0.0000 -0.0298 -0.5307 0.9570 -0.4263 0.0298 
0.0000 -0.0302 -0.5306 0.9569 -0.4263 0.0302 
0.0000 -0.0307 -0.5306 0.9569 -0.4263 0.0307 
0.0000 -0.0312 -0.5305 0.9568 -0.4262 0.0312 
0.0000 -0.0317 -0.5305 0.9567 -0.4262 0.0317 
0.0000 -0.0321 -0.5305 0.9567 -0.4262 0.0321 
0.0000 -0.0327 -0.5304 0.9566 -0.4262 0.0327 
0.0000 -0.0332 -0.5304 0.9565 -0.4262 0.0332 
0.0000 -0.0347 -0.5300 0.9560 -0.4260 0.0347 
0.0000 -0.0353 -0.5300 0.9560 -0.4260 0.0353 
0.0000 -0.0358 -0.5300 0.9559 -0.4259 0.0358 
0.0000 -0.0364 -0.5299 0.9558 -0.4259 0.0364 
0.0000 -0.0370 -0.5298 0.9557 -0.4259 0.0370 
0.0000 -0.0377 -0.5298 0.9556 -0.4258 0.0377 
0.0000 -0.0383 -0.5297 0.9555 -0.4258 0.0383 
0.0000 -0.0389 -0.5297 0.9554 -0.4258 0.0389 
0.0000 -0.0396 -0.5296 0.9553 -0.4257 0.0396 
0.0000 -0.0403 -0.5296 0.9552 -0.4257 0.0403 
0.0000 -0.0410 -0.5295 0.9551 -0.4256 0.0410 
0.0000 -0.0417 -0.5294 0.9550 -0.4256 0.0417 
0.0000 -0.0424 -0.5293 0.9549 -0.4255 0.0424 
0.0000 -0.0432 -0.5293 0.9548 -0.4255 0.0432 
0.0000 -0.0439 -0.5292 0.9546 -0.4254 0.0439 
0.0000 -0.0447 -0.5291 0.9545 -0.4254 0.0447 
0.0000 -0.0455 -0.5290 0.9544 -0.4253 0.0455 
0.0000 -0.0463 -0.5289 0.9542 -0.4253 0.0463 
0.0000 -0.0471 -0.5289 0.9541 -0.4252 0.0471 
0.0000 -0.0480 -0.5288 0.9539 -0.4252 0.0480 
0.0000 -0.0489 -0.5287 0.9537 -0.4251 0.0489 
0.0000 -0.0508 -0.5283 0.9532 -0.4249 0.0508 
0.0000 -0.0517 -0.5282 0.9530 -0.4248 0.0517 
0.0000 -0.0526 -0.5281 0.9528 -0.4247 0.0526 
0.0000 -0.0536 -0.5279 0.9526 -0.4247 0.0536 
0.0000 -0.0546 -0.5278 0.9524 -0.4246 0.0546 
0.0000 -0.0556 -0.5277 0.9522 -0.4245 0.0556 
0.0000 -0.0567 -0.5275 0.9519 -0.4244 0.0567 
0.0000 -0.0578 -0.5274 0.9517 -0.4243 0.0578 
0.0000 -0.0588 -0.5273 0.9514 -0.4242 0.0588 
0.0000 -0.0600 -0.5271 0.9512 -0.4241 0.0600 
0.0000 -0.0611 -0.5269 0.9509 -0.4240 0.0611 
0.0000 -0.0623 -0.5268 0.9506 -0.4238 0.0623 
0.0000 -0.0635 -0.5266 0.9503 -0.4237 0.0635 
0.0000 -0.0647 -0.5264 0.9500 -0.4236 0.0647 
0.0000 -0.0659 -0.5262 0.9497 -0.4235 0.0659 
0.0000 -0.0672 -0.5260 0.9494 -0.4233 0.0672 
0.0000 -0.0685 -0.5258 0.9490 -0.4232 0.0685 
0.0000 -0.0699 -0.5256 0.9486 -0.4230 0.0699 
0.0000 -0.0712 -0.5254 0.9483 -0.4229 0.0712 
0.0000 -0.0726 -0.5252 0.9479 -0.4227 0.0726 
0.0000 -0.0751 -0.5246 0.9470 -0.4224 0.0751 
0.0000 -0.0766 -0.5244 0.9466 -0.4222 0.0766 
0.0000 -0.0781 -0.5241 0.9461 -0.4220 0.0781 
0.0000 -0.0796 -0.5238 0.9456 -0.4218 0.0796 
0.0000 -0.0812 -0.5235 0.9451 -0.4216 0.0812 
0.0000 -0.0828 -0.5232 0.9446 -0.4214 0.0828 
0.0000 -0.0845 -0.5229 0.9440 -0.4211 0.0845 
0.0000 -0.0862 -0.5226 0.9434 -0.4209 0.0862 
0.0000 -0.0880 -0.5222 0.9428 -0.4206 0.0880 
0.0000 -0.0897 -0.5219 0.9422 -0.4204 0.0897 
0.0000 -0.0915 -0.5215 0.9416 -0.4201 0.0915 
0.0000 -0.0934 -0.5211 0.9409 -0.4198 0.0934 
0.0000 -0.0953 -0.5207 0.9402 -0.4195 0.0953 
0.0000 -0.0972 -0.5203 0.9394 -0.4192 0.0972 
0.0000 -0.0992 -0.5198 0.9386 -0.4188 0.0992 
0.0000 -0.1013 -0.5193 0.9378 -0.4185 0.1013 
0.0000 -0.1033 -0.5189 0.9370 -0.4181 0.1033 
0.0000 -0.1055 -0.5183 0.9361 -0.4177 0.1055 
0.0000 -0.1076 -0.5178 0.9351 -0.4173 0.1076 
0.0000 -0.1099 -0.5173 0.9342 -0.4169 0.1099 
0.0000 -0.1131 -0.5163 0.9326 -0.4163 0.1131 
0.0000 -0.1154 -0.5157 0.9315 -0.4158 0.1154 
0.0000 -0.1177 -0.5151 0.9304 -0.4154 0.1177 
0.0000 -0.1200 -0.5145 0.9293 -0.4149 0.1200 
0.0000 -0.1222 -0.5138 0.9282 -0.4144 0.1222 
0.0000 -0.1244 -0.5132 0.9271 -0.4139 0.1244 
0.0000 -0.1266 -0.5126 0.9260 -0.4135 0.1266 
0.0000 -0.1287 -0.5119 0.9249 -0.4130 0.1287 
0.0000 -0.1307 -0.5113 0.9239 -0.4125 0.1307 
0.0000 -0.1327 -0.5108 0.9229 -0.4121 0.1327 
0.0000 -0.1346 -0.5103 0.9221 -0.4118 0.1346 
0.0000 -0.1365 -0.5099 0.9213 -0.4114 0.1365 
0.0000 -0.1383 -0.5095 0.9206 -0.4111 0.1383 
0.0000 -0.1401 -0.5092 0.9200 -0.4108 0.1401 
0.0000 -0.1419 -0.5090 0.9195 -0.4106 0.1419 
0.0000 -0.1436 -0.5088 0.9191 -0.4104 0.1436 
0.0000 -0.1452 -0.5086 0.9188 -0.4102 0.1452 
0.0000 -0.1468 -0.5085 0.9186 -0.4100 0.1468 
0.0000 -0.1484 -0.5085 0.9185 -0.4099 0.1484 
0.0000 -0.1499 -0.5085 0.9184 -0.4099 0.1499 
0.0000 -0.1514 -0.5086 0.9184 -0.4098 0.1514 
0.0000 -0.1528 -0.5087 0.9186 -0.4098 0.1528 
0.0000 -0.1542 -0.5089 0.9188 -0.4098 0.1542 
0.0000 -0.1556 -0.5091 0.9190 -0.4099 0.1556 
0.0000 -0.1569 -0.5094 0.9194 -0.4100 0.1569 
0.0000 -0.1582 -0.5097 0.9198 -0.4101 0.1582 
0.0000 -0.1594 -0.5101 0.9203 -0.4103 0.1594 
0.0000 -0.1606 -0.5105 0.9209 -0.4104 0.1606 
0.0000 -0.1618 -0.5109 0.9216 -0.4106 0.1618 
0.0000 -0.1629 -0.5114 0.9223 -0.4109 0.1629 
0.0000 -0.1640 -0.5119 0.9231 -0.4111 0.1640 
0.0000 -0.1650 -0.5125 0.9239 -0.4114 0.1650 
0.0000 -0.1661 -0.5131 0.9248 -0.4117 0.1661 
0.0000 -0.1670 -0.5137 0.9258 -0.4121 0.1670 
0.0000 -0.1680 -0.5144 0.9268 -0.4124 0.1680 
0.0000 -0.1689 -0.5151 0.9278 -0.4128 0.1689 
0.0000 -0.1698 -0.5158 0.9289 -0.4132 0.1698 
0.0000 -0.1707 -0.5165 0.9301 -0.4136 0.1707 
0.0000 -0.1715 -0.5173 0.9313 -0.4140 0.1715 
0.0000 -0.1723 -0.5181 0.9325 -0.4144 0.1723 
0.0000 -0.1730 -0.5189 0.9337 -0.4149 0.1730 
0.0000 -0.1747 -0.5193 0.9345 -0.4151 0.1747 
0.0000 -0.1754 -0.5202 0.9358 -0.4156 0.1754 
0.0000 -0.1761 -0.5210 0.9371 -0.4161 0.1761 
0.0000 -0.1767 -0.5219 0.9384 -0.4165 0.1767 
0.0000 -0.1773 -0.5228 0.9398 -0.4170 0.1773 
0.0000 -0.1779 -0.5237 0.9412 -0.4175 0.1779 
0.0000 -0.1784 -0.5245 0.9426 -0.4180 0.1784 
0.0000 -0.1789 -0.5254 0.9440 -0.4185 0.1789 
0.0000 -0.1794 -0.5263 0.9454 -0.4191 0.1794 
0.0000 -0.1798 -0.5272 0.9468 -0.4196 0.1798 
0.0000 -0.1802 -0.5281 0.9482 -0.4201 0.1802 
0.0000 -0.1806 -0.5290 0.9495 -0.4206 0.1806 
0.0000 -0.1810 -0.5298 0.9509 -0.4211 0.1810 
0.0000 -0.1813 -0.5307 0.9523 -0.4216 0.1813 
0.0000 -0.1816 -0.5316 0.9536 -0.4220 0.1816 
0.0000 -0.1818 -0.5324 0.9549 -0.4225 0.1818 
0.0000 -0.1820 -0.5332 0.9562 -0.4230 0.1820 
0.0000 -0.1822 -0.5341 0.9575 -0.4235 0.1822 
0.0000 -0.1824 -0.5348 0.9588 -0.4239 0.1824 
0.0000 -0.1825 -0.5356 0.9600 -0.4244 0.1825 
0.0000 -0.1826 -0.5364 0.9612 -0.4248 0.1826 
0.0000 -0.1826 -0.5371 0.9623 -0.4252 0.1826 
0.0000 -0.1827 -0.5378 0.9635 -0.4256 0.1827 
0.0000 -0.1827 -0.5385 0.9645 -0.4260 0.1827 
0.0000 -0.1826 -0.5392 0.9656 -0.4264 0.1826 
0.0000 -0.1825 -0.5398 0.9666 -0.4268 0.1825 
0.0000 -0.1824 -0.5404 0.9675 -0.4271 0.1824 
0.0000 -0.1823 -0.5409 0.9684 -0.4275 0.1823 
0.0000 -0.1821 -0.5415 0.9693 -0.4278 0.1821 
0.0000 -0.1819 -0.5420 0.9701 -0.4281 0.1819 
0.0000 -0.1817 -0.5425 0.9708 -0.4284 0.1817 
0.0000 -0.1814 -0.5429 0.9715 -0.4287 0.1814 
0.0000 -0.1811 -0.5433 0.9722 -0.4289 0.1811 
0.0000 -0.1808 -0.5437 0.9728 -0.4291 0.1808 
0.0000 -0.1804 -0.5440 0.9734 -0.4294 0.1804 
0.0000 -0.1800 -0.5443 0.9738 -0.4296 0.1800 
0.0000 -0.1795 -0.5445 0.9743 -0.4298 0.1795 
0.0000 -0.1791 -0.5447 0.9747 -0.4299 0.1791 
0.0000 -0.1786 -0.5449 0.9750 -0.4301 0.1786 
0.0000 -0.1780 -0.5450 0.9753 -0.4302 0.1780 
0.0000 -0.1764 -0.5452 0.9757 -0.4305 0.1764 
0.0000 -0.1758 -0.5453 0.9759 -0.4306 0.1758 
0.0000 -0.1751 -0.5453 0.9760 -0.4307 0.1751 
0.0000 -0.1745 -0.5453 0.9760 -0.4308 0.1745 
0.0000 -0.1737 -0.5452 0.9760 -0.4308 0.1737 
0.0000 -0.1730 -0.5451 0.9760 -0.4309 0.1730 
0.0000 -0.1722 -0.5450 0.9759 -0.4309 0.1722 
0.0000 -0.1713 -0.5448 0.9757 -0.4310 0.1713 
0.0000 -0.1705 -0.5445 0.9755 -0.4310 0.1705 
0.0000 -0.1696 -0.5443 0.9753 -0.4310 0.1696 
0.0000 -0.1686 -0.5440 0.9750 -0.4310 0.1686 
0.0000 -0.1676 -0.5437 0.9747 -0.4310 0.1676 
0.0000 -0.1666 -0.5433 0.9743 -0.4310 0.1666 
0.0000 -0.1655 -0.5429 0.9739 -0.4310 0.1655 
0.0000 -0.1644 -0.5424 0.9734 -0.4310 0.1644 
0.0000 -0.1633 -0.5420 0.9729 -0.4309 0.1633 
0.0000 -0.1621 -0.5415 0.9724 -0.4309 0.1621 
0.0000 -0.1609 -0.5409 0.9718 -0.4309 0.1609 
0.0000 -0.1596 -0.5404 0.9713 -0.4309 0.1596 
0.0000 -0.1583 -0.5398 0.9706 -0.4308 0.1583 
0.0000 -0.1569 -0.5392 0.9700 -0.4308 0.1569 
0.0000 -0.1555 -0.5386 0.9694 -0.4308 0.1555 
0.0000 -0.1541 -0.5379 0.9687 -0.4308 0.1541 
0.0000 -0.1526 -0.5372 0.9680 -0.4308 0.1526 
0.0000 -0.1511 -0.5365 0.9673 -0.4308 0.1511 
0.0000 -0.1495 -0.5358 0.9666 -0.4308 0.1495 
0.0000 -0.1479 -0.5350 0.9659 -0.4308 0.1479 
0.0000 -0.1462 -0.5343 0.9652 -0.4309 0.1462 
0.0000 -0.1445 -0.5335 0.9645 -0.4309 0.1445 
0.0000 -0.1428 -0.5328 0.9637 -0.4310 0.1428 
0.0000 -0.1410 -0.5320 0.9630 -0.4311 0.1410 
0.0000 -0.1391 -0.5312 0.9623 -0.4312 0.1391 
0.0000 -0.1372 -0.5304 0.9617 -0.4313 0.1372 
0.0000 -0.1352 -0.5296 0.9610 -0.4314 0.1352 
0.0000 -0.1332 -0.5288 0.9603 -0.4316 0.1332 
0.0000 -0.1312 -0.5280 0.9597 -0.4317 0.1312 
0.0000 -0.1290 -0.5272 0.9591 -0.4319 0.1290 
0.0000 -0.1269 -0.5264 0.9585 -0.4322 0.1269 
0.0000 -0.1246 -0.5256 0.9580 -0.4324 0.1246 
0.0000 -0.1224 -0.5248 0.9575 -0.4327 0.1224 
0.0000 -0.1200 -0.5240 0.9570 -0.4330 0.1200 
0.0000 -0.1176 -0.5232 0.9565 -0.4333 0.1176 
0.0000 -0.1151 -0.5225 0.9561 -0.4336 0.1151 
0.0000 -0.1116 -0.5220 0.9561 -0.4341 0.1116 
0.0000 -0.1091 -0.5213 0.9558 -0.4345 0.1091 
0.0000 -0.1064 -0.5206 0.9555 -0.4349 0.1064 
0.0000 -0.1038 -0.5199 0.9553 -0.4354 0.1038 
0.0000 -0.1010 -0.5192 0.9551 -0.4359 0.1010 
0.0000 -0.0982 -0.5186 0.9550 -0.4364 0.0982 
0.0000 -0.0953 -0.5180 0.9549 -0.4369 0.0953 
0.0000 -0.0923 -0.5173 0.9548 -0.4375 0.0923 
0.0000 -0.0893 -0.5168 0.9549 -0.4381 0.0893 
0.0000 -0.0862 -0.5162 0.9549 -0.4387 0.0862 
0.0000 -0.0830 -0.5156 0.9550 -0.4394 0.0830 
0.0000 -0.0797 -0.5151 0.9552 -0.4401 0.0797 
0.0000 -0.0764 -0.5146 0.9554 -0.4408 0.0764 
0.0000 -0.0730 -0.5141 0.9557 -0.4416 0.0730 
0.0000 -0.0685 -0.5142 0.9564 -0.4423 0.0685 
0.0000 -0.0650 -0.5137 0.9568 -0.4430 0.0650 
0.0000 -0.0614 -0.5133 0.9571 -0.4439 0.0614 
0.0000 -0.0577 -0.5129 0.9576 -0.4447 0.0577 
0.0000 -0.0539 -0.5125 0.9580 -0.4456 0.0539 
0.0000 -0.0500 -0.5121 0.9585 -0.4464 0.0500 
0.0000 -0.0460 -0.5117 0.9590 -0.4473 0.0460 
0.0000 -0.0411 -0.5121 0.9601 -0.4480 0.0411 
0.0000 -0.0370 -0.5118 0.9607 -0.4489 0.0370 
0.0000 -0.0329 -0.5114 0.9612 -0.4498 0.0329 
0.0000 -0.0286 -0.5110 0.9617 -0.4507 0.0286 
0.0000 -0.0242 -0.5105 0.9621 -0.4516 0.0242 
0.0000 -0.0198 -0.5100 0.9624 -0.4525 0.0198 
0.0000 -0.0153 -0.5094 0.9627 -0.4533 0.0153 
0.0000 -0.0108 -0.5088 0.9629 -0.4541 0.0108 
0.0000 -0.0063 -0.5081 0.9630 -0.4549 0.0063 
0.0000 -0.0019 -0.5074 0.9630 -0.4556 0.0019 
0.0000 0.0025 -0.5067 0.9630 -0.4563 -0.0025 
0.0000 0.0068 -0.5059 0.9628 -0.4569 -0.0068 
0.0000 0.0109 -0.5051 0.9627 -0.4575 -0.0109 
0.0000 0.0156 -0.5034 0.9621 -0.4587 -0.0156 
0.0000 0.0197 -0.5029 0.9624 -0.4595 -0.0197 
0.0000 0.0236 -0.5026 0.9632 -0.4605 -0.0236 
0.0000 0.0275 -0.5026 0.9644 -0.4617 -0.0275 
0.0000 0.0313 -0.5028 0.9660 -0.4631 -0.0313 
0.0000 0.0350 -0.5033 0.9680 -0.4647 -0.0350 
0.0000 0.0386 -0.5039 0.9704 -0.4664 -0.0386 
0.0000 0.0421 -0.5048 0.9732 -0.4684 -0.0421 
0.0000 0.0465 -0.5050 0.9758 -0.4708 -0.0465 
0.0000 0.0499 -0.5063 0.9793 -0.4730 -0.0499 
0.0000 0.0533 -0.5078 0.9833 -0.4755 -0.0533 
0.0000 0.0565 -0.5095 0.9876 -0.4781 -0.0565 
0.0000 0.0598 -0.5114 0.9922 -0.4808 -0.0598 
0.0000 0.0629 -0.5135 0.9972 -0.4837 -0.0629 
0.0000 0.0660 -0.5157 1.0025 -0.4868 -0.0660 
0.0000 0.0690 -0.5182 1.0082 -0.4900 -0.0690 
0.0000 0.0720 -0.5208 1.0141 -0.4933 -0.0720 
0.0000 0.0749 -0.5236 1.0203 -0.4967 -0.0749 
0.0000 0.0777 -0.5265 1.0267 -0.5002 -0.0777 
0.0000 0.0805 -0.5296 1.0334 -0.5039 -0.0805 
0.0000 0.0833 -0.5328 1.0403 -0.5075 -0.0833 
0.0000 0.0869 -0.5354 1.0469 -0.5115 -0.0869 
0.0000 0.0895 -0.5389 1.0543 -0.5153 -0.0895 
0.0000 0.0921 -0.5426 1.0617 -0.5192 -0.0921 
0.0000 0.0947 -0.5463 1.0694 -0.5231 -0.0947 
0.0000 0.0972 -0.5502 1.0772 -0.5270 -0.0972 
0.0000 0.0996 -0.5541 1.0851 -0.5309 -0.0996 
0.0000 0.1020 -0.5582 1.0930 -0.5348 -0.1020 
0.0000 0.1044 -0.5624 1.1011 -0.5387 -0.1044 
0.0000 0.1067 -0.5666 1.1092 -0.5426 -0.1067 
0.0000 0.1089 -0.5710 1.1174 -0.5464 -0.1089 
0.0000 0.1111 -0.5754 1.1256 -0.5502 -0.1111 
0.0000 0.1133 -0.5799 1.1338 -0.5540 -0.1133 
0.0000 0.1154 -0.5844 1.1420 -0.5576 -0.1154 
0.0000 0.1174 -0.5890 1.1502 -0.5612 -0.1174 
0.0000 0.1195 -0.5936 1.1583 -0.5647 -0.1195 
0.0000 0.1214 -0.5983 1.1664 -0.5681 -0.1214 
0.0000 0.1233 -0.6030 1.1744 -0.5714 -0.1233 
0.0000 0.1252 -0.6077 1.1823 -0.5746 -0.1252 
0.0000 0.1270 -0.6124 1.1901 -0.5777 -0.1270 
0.0000 0.1288 -0.6172 1.1978 -0.5806 -0.1288 
0.0000 0.1305 -0.6219 1.2053 -0.5834 -0.1305 
0.0000 0.1322 -0.6267 1.2127 -0.5860 -0.1322 
0.0000 0.1338 -0.6314 1.2200 -0.5885 -0.1338 
0.0000 0.1353 -0.6362 1.2270 -0.5909 -0.1353 
0.0000 0.1369 -0.6409 1.2339 -0.5930 -0.1369 
0.0000 0.1383 -0.6455 1.2406 -0.5950 -0.1383 
0.0000 0.1397 -0.6502 1.2470 -0.5969 -0.1397 
0.0000 0.1411 -0.6548 1.2533 -0.5985 -0.1411 
0.0000 0.1423 -0.6593 1.2593 -0.6000 -0.1423 
0.0000 0.1436 -0.6638 1.2650 -0.6013 -0.1436 
0.0000 0.1448 -0.6682 1.2706 -0.6024 -0.1448 
0.0000 0.1459 -0.6725 1.2758 -0.6033 -0.1459 
0.0000 0.1469 -0.6767 1.2808 -0.6041 -0.1469 
0.0000 0.1479 -0.6809 1.2855 -0.6046 -0.1479 
0.0000 0.1489 -0.6849 1.2899 -0.6049 -0.1489 
0.0000 0.1497 -0.6889 1.2940 -0.6051 -0.1497 
0.0000 0.1505 -0.6927 1.2978 -0.6051 -0.1505 
0.0000 0.1513 -0.6964 1.3013 -0.6048 -0.1513 
0.0000 0.1520 -0.7000 1.3045 -0.6044 -0.1520 
0.0000 0.1526 -0.7035 1.3073 -0.6038 -0.1526 
0.0000 0.1531 -0.7068 1.3099 -0.6030 -0.1531 
0.0000 0.1536 -0.7100 1.3121 -0.6021 -0.1536 
0.0000 0.1541 -0.7130 1.3140 -0.6009 -0.1541 
0.0000 0.1544 -0.7159 1.3155 -0.5996 -0.1544 
0.0000 0.1547 -0.7186 1.3167 -0.5981 -0.1547 
0.0000 0.1549 -0.7212 1.3176 -0.5964 -0.1549 
0.0000 0.1551 -0.7235 1.3181 -0.5946 -0.1551 
0.0000 0.1552 -0.7257 1.3183 -0.5926 -0.1552 
0.0000 0.1552 -0.7277 1.3181 -0.5904 -0.1552 
0.0000 0.1551 -0.7295 1.3176 -0.5881 -0.1551 
0.0000 0.1550 -0.7311 1.3168 -0.5857 -0.1550 
0.0000 0.1548 -0.7325 1.3156 -0.5831 -0.1548 
0.0000 0.1546 -0.7337 1.3140 -0.5803 -0.1546 
0.0000 0.1543 -0.7347 1.3122 -0.5775 -0.1543 
0.0000 0.1539 -0.7355 1.3100 -0.5745 -0.1539 
0.0000 0.1534 -0.7361 1.3075 -0.5714 -0.1534 
0.0000 0.1529 -0.7365 1.3046 -0.5682 -0.1529 
0.0000 0.1523 -0.7366 1.3014 -0.5648 -0.1523 
0.0000 0.1517 -0.7366 1.2980 -0.5614 -0.1517 
0.0000 0.1510 -0.7363 1.2942 -0.5579 -0.1510 
0.0000 0.1502 -0.7358 1.2901 -0.5543 -0.1502 
0.0000 0.1493 -0.7351 1.2857 -0.5506 -0.1493 
0.0000 0.1484 -0.7342 1.2810 -0.5468 -0.1484 
0.0000 0.1475 -0.7330 1.2760 -0.5430 -0.1475 
0.0000 0.1465 -0.7317 1.2708 -0.5391 -0.1465 
0.0000 0.1454 -0.7301 1.2652 -0.5351 -0.1454 
0.0000 0.1442 -0.7283 1.2595 -0.5311 -0.1442 
0.0000 0.1431 -0.7264 1.2535 -0.5271 -0.1431 
0.0000 0.1418 -0.7242 1.2472 -0.5230 -0.1418 
0.0000 0.1405 -0.7219 1.2407 -0.5189 -0.1405 
0.0000 0.1391 -0.7193 1.2341 -0.5147 -0.1391 
0.0000 0.1377 -0.7166 1.2272 -0.5106 -0.1377 
0.0000 0.1362 -0.7137 1.2201 -0.5064 -0.1362 
0.0000 0.1347 -0.7106 1.2128 -0.5022 -0.1347 
0.0000 0.1331 -0.7073 1.2054 -0.4980 -0.1331 
0.0000 0.1315 -0.7039 1.1978 -0.4938 -0.1315 
0.0000 0.1298 -0.7004 1.1901 -0.4897 -0.1298 
0.0000 0.1281 -0.6967 1.1822 -0.4855 -0.1281 
0.0000 0.1263 -0.6929 1.1742 -0.4813 -0.1263 
0.0000 0.1245 -0.6889 1.1662 -0.4772 -0.1245 
0.0000 0.1226 -0.6849 1.1580 -0.4731 -0.1226 
0.0000 0.1207 -0.6807 1.1498 -0.4691 -0.1207 
0.0000 0.1187 -0.6765 1.1416 -0.4651 -0.1187 
0.0000 0.1167 -0.6721 1.1333 -0.4611 -0.1167 
0.0000 0.1146 -0.6677 1.1249 -0.4572 -0.1146 
0.0000 0.1125 -0.6633 1.1166 -0.4533 -0.1125 
0.0000 0.1104 -0.6587 1.1083 -0.4496 -0.1104 
0.0000 0.1081 -0.6542 1.1000 -0.4458 -0.1081 
0.0000 0.1059 -0.6496 1.0918 -0.4422 -0.1059 
0.0000 0.1036 -0.6450 1.0837 -0.4386 -0.1036 
0.0000 0.1012 -0.6404 1.0756 -0.4352 -0.1012 
0.0000 0.0988 -0.6359 1.0676 -0.4318 -0.0988 
0.0000 0.0964 -0.6313 1.0598 -0.4285 -0.0964 
0.0000 0.0939 -0.6268 1.0521 -0.4253 -0.0939 
0.0000 0.0913 -0.6223 1.0445 -0.4222 -0.0913 
0.0000 0.0887 -0.6179 1.0372 -0.4193 -0.0887 
0.0000 0.0861 -0.6136 1.0300 -0.4164 -0.0861 
0.0000 0.0833 -0.6093 1.0231 -0.4137 -0.0833 
0.0000 0.0806 -0.6052 1.0163 -0.4111 -0.0806 
0.0000 0.0778 -0.6012 1.0098 -0.4087 -0.0778 
0.0000 0.0741 -0.5981 1.0040 -0.4059 -0.0741 
0.0000 0.0712 -0.5943 0.9981 -0.4038 -0.0712 
0.0000 0.0682 -0.5907 0.9925 -0.4017 -0.0682 
0.0000 0.0652 -0.5873 0.9872 -0.3999 -0.0652 
0.0000 0.0621 -0.5840 0.9822 -0.3982 -0.0621 
0.0000 0.0589 -0.5809 0.9775 -0.3966 -0.0589 
0.0000 0.0557 -0.5780 0.9732 -0.3952 -0.0557 
0.0000 0.0524 -0.5753 0.9693 -0.3940 -0.0524 
0.0000 0.0490 -0.5728 0.9658 -0.3930 -0.0490 
0.0000 0.0455 -0.5704 0.9626 -0.3922 -0.0455 
0.0000 0.0420 -0.5683 0.9598 -0.3915 -0.0420 
0.0000 0.0384 -0.5664 0.9575 -0.3911 -0.0384 
0.0000 0.0347 -0.5647 0.9555 -0.3908 -0.0347 
0.0000 0.0309 -0.5632 0.9540 -0.3908 -0.0309 
0.0000 0.0271 -0.5620 0.9529 -0.3909 -0.0271 
0.0000 0.0231 -0.5609 0.9522 -0.3913 -0.0231 
0.0000 0.0191 -0.5601 0.9519 -0.3918 -0.0191 
0.0000 0.0149 -0.5595 0.9521 -0.3926 -0.0149 
0.0000 0.0107 -0.5589 0.9524 -0.3935 -0.0107 
0.0000 0.0063 -0.5583 0.9526 -0.3943 -0.0063 
0.0000 0.0019 -0.5576 0.9528 -0.3951 -0.0019 
0.0000 -0.0027 -0.5569 0.9529 -0.3960 0.0027 
0.0000 -0.0073 -0.5562 0.9529 -0.3967 0.0073 
0.0000 -0.0119 -0.5553 0.9528 -0.3975 0.0119 
0.0000 -0.0165 -0.5545 0.9527 -0.3982 0.0165 
0.0000 -0.0210 -0.5536 0.9524 -0.3988 0.0210 
0.0000 -0.0255 -0.5527 0.9521 -0.3994 0.0255 
0.0000 -0.0298 -0.5517 0.9517 -0.4000 0.0298 
0.0000 -0.0341 -0.5507 0.9513 -0.4005 0.0341 
0.0000 -0.0382 -0.5498 0.9508 -0.4010 0.0382 
0.0000 -0.0422 -0.5488 0.9503 -0.4015 0.0422 
0.0000 -0.0462 -0.5479 0.9499 -0.4020 0.0462 
0.0000 -0.0500 -0.5471 0.9495 -0.4024 0.0500 
0.0000 -0.0538 -0.5463 0.9491 -0.4029 0.0538 
0.0000 -0.0574 -0.5455 0.9488 -0.4033 0.0574 
0.0000 -0.0610 -0.5447 0.9485 -0.4038 0.0610 
0.0000 -0.0650 -0.5429 0.9476 -0.4047 0.0650 
0.0000 -0.0684 -0.5422 0.9474 -0.4052 0.0684 
0.0000 -0.0718 -0.5416 0.9472 -0.4056 0.0718 
0.0000 -0.0750 -0.5410 0.9471 -0.4061 0.0750 
0.0000 -0.0782 -0.5405 0.9470 -0.4065 0.0782 
0.0000 -0.0813 -0.5400 0.9469 -0.4069 0.0813 
0.0000 -0.0843 -0.5395 0.9469 -0.4074 0.0843 
0.0000 -0.0872 -0.5391 0.9470 -0.4079 0.0872 
0.0000 -0.0901 -0.5388 0.9471 -0.4083 0.0901 
0.0000 -0.0929 -0.5384 0.9473 -0.4088 0.0929 
0.0000 -0.0956 -0.5382 0.9475 -0.4093 0.0956 
0.0000 -0.0982 -0.5379 0.9477 -0.4098 0.0982 
0.0000 -0.1008 -0.5378 0.9480 -0.4103 0.1008 
0.0000 -0.1033 -0.5376 0.9484 -0.4108 0.1033 
0.0000 -0.1057 -0.5375 0.9488 -0.4113 0.1057 
0.0000 -0.1081 -0.5374 0.9493 -0.4118 0.1081 
0.0000 -0.1104 -0.5374 0.9498 -0.4123 0.1104 
0.0000 -0.1126 -0.5374 0.9503 -0.4129 0.1126 
0.0000 -0.1148 -0.5375 0.9509 -0.4134 0.1148 
0.0000 -0.1169 -0.5376 0.9515 -0.4139 0.1169 
0.0000 -0.1190 -0.5377 0.9522 -0.4145 0.1190 
0.0000 -0.1210 -0.5379 0.9529 -0.4150 0.1210 
0.0000 -0.1229 -0.5381 0.9537 -0.4156 0.1229 
0.0000 -0.1248 -0.5383 0.9544 -0.4161 0.1248 
0.0000 -0.1266 -0.5386 0.9553 -0.4167 0.1266 
0.0000 -0.1283 -0.5389 0.9561 -0.4172 0.1283 
0.0000 -0.1300 -0.5392 0.9570 -0.4178 0.1300 
0.0000 -0.1317 -0.5395 0.9579 -0.4183 0.1317 
0.0000 -0.1333 -0.5399 0.9588 -0.4189 0.1333 
0.0000 -0.1348 -0.5403 0.9597 -0.4194 0.1348 
0.0000 -0.1363 -0.5407 0.9607 -0.4200 0.1363 
0.0000 -0.1378 -0.5412 0.9617 -0.4205 0.1378 
0.0000 -0.1399 -0.5407 0.9620 -0.4213 0.1399 
0.0000 -0.1413 -0.5412 0.9630 -0.4218 0.1413 
0.0000 -0.1426 -0.5416 0.9640 -0.4224 0.1426 
0.0000 -0.1438 -0.5421 0.9650 -0.4229 0.1438 
0.0000 -0.1450 -0.5426 0.9660 -0.4234 0.1450 
0.0000 -0.1461 -0.5432 0.9670 -0.4239 0.1461 
0.0000 -0.1472 -0.5437 0.9680 -0.4243 0.1472 
0.0000 -0.1483 -0.5442 0.9690 -0.4248 0.1483 
0.0000 -0.1493 -0.5448 0.9700 -0.4253 0.1493 
0.0000 -0.1502 -0.5453 0.9710 -0.4257 0.1502 
0.0000 -0.1511 -0.5458 0.9720 -0.4261 0.1511 
0.0000 -0.1520 -0.5464 0.9729 -0.4266 0.1520 
0.0000 -0.1528 -0.5469 0.9739 -0.4270 0.1528 
0.0000 -0.1536 -0.5474 0.9748 -0.4273 0.1536 
0.0000 -0.1543 -0.5480 0.9757 -0.4277 0.1543 
0.0000 -0.1549 -0.5485 0.9765 -0.4281 0.1549 
0.0000 -0.1555 -0.5490 0.9774 -0.4284 0.1555 
0.0000 -0.1561 -0.5495 0.9782 -0.4287 0.1561 
0.0000 -0.1567 -0.5499 0.9790 -0.4290 0.1567 
0.0000 -0.1571 -0.5504 0.9797 -0.4293 0.1571 
0.0000 -0.1576 -0.5508 0.9804 -0.4296 0.1576 
0.0000 -0.1580 -0.5512 0.9811 -0.4299 0.1580 
0.0000 -0.1583 -0.5516 0.9817 -0.4301 0.1583 
0.0000 -0.1586 -0.5520 0.9823 -0.4303 0.1586 
0.0000 -0.1589 -0.5524 0.9829 -0.4305 0.1589 
0.0000 -0.1591 -0.5527 0.9834 -0.4307 0.1591 
0.0000 -0.1592 -0.5530 0.9838 -0.4309 0.1592 
0.0000 -0.1594 -0.5533 0.9843 -0.4310 0.1594 
0.0000 -0.1594 -0.5535 0.9846 -0.4311 0.1594 
0.0000 -0.1595 -0.5537 0.9849 -0.4312 0.1595 
0.0000 -0.1594 -0.5539 0.9852 -0.4313 0.1594 
0.0000 -0.1594 -0.5540 0.9854 -0.4314 0.1594 
0.0000 -0.1593 -0.5541 0.9856 -0.4315 0.1593 
0.0000 -0.1591 -0.5542 0.9857 -0.4315 0.1591 
0.0000 -0.1589 -0.5542 0.9858 -0.4315 0.1589 
0.0000 -0.1587 -0.5542 0.9858 -0.4316 0.1587 
0.0000 -0.1584 -0.5542 0.9858 -0.4316 0.1584 
0.0000 -0.1581 -0.5541 0.9857 -0.4315 0.1581 
0.0000 -0.1577 -0.5540 0.9856 -0.4315 0.1577 
0.0000 -0.1573 -0.5539 0.9854 -0.4315 0.1573 
0.0000 -0.1568 -0.5537 0.9851 -0.4314 0.1568 
0.0000 -0.1563 -0.5535 0.9849 -0.4314 0.1563 
0.0000 -0.1557 -0.5532 0.9845 -0.4313 0.1557 
0.0000 -0.1551 -0.5529 0.9842 -0.4312 0.1551 
0.0000 -0.1545 -0.5526 0.9838 -0.4312 0.1545 
0.0000 -0.1538 -0.5522 0.9833 -0.4311 0.1538 
0.0000 -0.1530 -0.5518 0.9828 -0.4310 0.1530 
0.0000 -0.1523 -0.5514 0.9823 -0.4309 0.1523 
0.0000 -0.1514 -0.5509 0.9817 -0.4308 0.1514 
0.0000 -0.1505 -0.5504 0.9811 -0.4307 0.1505 
0.0000 -0.1496 -0.5499 0.9804 -0.4306 0.1496 
0.0000 -0.1486 -0.5493 0.9798 -0.4305 0.1486 
0.0000 -0.1476 -0.5487 0.9791 -0.4304 0.1476 
0.0000 -0.1465 -0.5480 0.9783 -0.4303 0.1465 
0.0000 -0.1454 -0.5474 0.9776 -0.4302 0.1454 
0.0000 -0.1434 -0.5476 0.9774 -0.4298 0.1434 
0.0000 -0.1422 -0.5469 0.9766 -0.4297 0.1422 
0.0000 -0.1409 -0.5461 0.9758 -0.4297 0.1409 
0.0000 -0.1396 -0.5454 0.9750 -0.4296 0.1396 
0.0000 -0.1382 -0.5446 0.9741 -0.4296 0.1382 
0.0000 -0.1368 -0.5438 0.9733 -0.4295 0.1368 
0.0000 -0.1353 -0.5430 0.9725 -0.4295 0.1353 
0.0000 -0.1338 -0.5421 0.9716 -0.4295 0.1338 
0.0000 -0.1322 -0.5413 0.9708 -0.4295 0.1322 
0.0000 -0.1306 -0.5404 0.9700 -0.4296 0.1306 
0.0000 -0.1289 -0.5395 0.9692 -0.4296 0.1289 
0.0000 -0.1271 -0.5387 0.9683 -0.4297 0.1271 
0.0000 -0.1253 -0.5378 0.9675 -0.4298 0.1253 
0.0000 -0.1235 -0.5369 0.9668 -0.4299 0.1235 
0.0000 -0.1215 -0.5360 0.9660 -0.4300 0.1215 
0.0000 -0.1196 -0.5351 0.9653 -0.4302 0.1196 
0.0000 -0.1175 -0.5342 0.9646 -0.4304 0.1175 
0.0000 -0.1154 -0.5333 0.9639 -0.4306 0.1154 
0.0000 -0.1133 -0.5325 0.9633 -0.4308 0.1133 
0.0000 -0.1111 -0.5316 0.9627 -0.4311 0.1111 
0.0000 -0.1088 -0.5307 0.9621 -0.4314 0.1088 
0.0000 -0.1064 -0.5299 0.9616 -0.4317 0.1064 
0.0000 -0.1040 -0.5290 0.9611 -0.4320 0.1040 
0.0000 -0.1015 -0.5282 0.9606 -0.4324 0.1015 
0.0000 -0.0990 -0.5274 0.9602 -0.4328 0.0990 
0.0000 -0.0963 -0.5266 0.9599 -0.4333 0.0963 
0.0000 -0.0937 -0.5258 0.9596 -0.4337 0.0937 
0.0000 -0.0909 -0.5251 0.9593 -0.4342 0.0909 
0.0000 -0.0880 -0.5244 0.9591 -0.4348 0.0880 
0.0000 -0.0851 -0.5237 0.9590 -0.4353 0.0851 
0.0000 -0.0821 -0.5230 0.9589 -0.4359 0.0821 
0.0000 -0.0791 -0.5223 0.9588 -0.4365 0.0791 
0.0000 -0.0759 -0.5217 0.9588 -0.4371 0.0759 
0.0000 -0.0727 -0.5211 0.9589 -0.4378 0.0727 
0.0000 -0.0694 -0.5205 0.9590 -0.4385 0.0694 
0.0000 -0.0660 -0.5199 0.9591 -0.4392 0.0660 
0.0000 -0.0625 -0.5193 0.9593 -0.4400 0.0625 
0.0000 -0.0589 -0.5188 0.9596 -0.4407 0.0589 
0.0000 -0.0552 -0.5183 0.9599 -0.4415 0.0552 
0.0000 -0.0515 -0.5178 0.9602 -0.4424 0.0515 
0.0000 -0.0476 -0.5173 0.9605 -0.4432 0.0476 
0.0000 -0.0436 -0.5169 0.9609 -0.4441 0.0436 
0.0000 -0.0396 -0.5164 0.9614 -0.4450 0.0396 
0.0000 -0.0354 -0.5160 0.9618 -0.4459 0.0354 
0.0000 -0.0312 -0.5155 0.9623 -0.4468 0.0312 
0.0000 -0.0268 -0.5151 0.9627 -0.4477 0.0268 
0.0000 -0.0223 -0.5145 0.9631 -0.4486 0.0223 
0.0000 -0.0177 -0.5140 0.9634 -0.4495 0.0177 
0.0000 -0.0131 -0.5133 0.9637 -0.4503 0.0131 
0.0000 -0.0083 -0.5126 0.9638 -0.4511 0.0083 
0.0000 -0.0036 -0.5119 0.9638 -0.4519 0.0036 
0.0000 0.0011 -0.5111 0.9638 -0.4527 -0.0011 
0.0000 0.0058 -0.5103 0.9637 -0.4534 -0.0058 
0.0000 0.0104 -0.5095 0.9635 -0.4540 -0.0104 
0.0000 0.0149 -0.5086 0.9632 -0.4546 -0.0149 
0.0000 0.0193 -0.5077 0.9628 -0.4551 -0.0193 
0.0000 0.0236 -0.5069 0.9626 -0.4557 -0.0236 
0.0000 0.0278 -0.5063 0.9629 -0.4565 -0.0278 
0.0000 0.0319 -0.5060 0.9635 -0.4575 -0.0319 
0.0000 0.0359 -0.5059 0.9645 -0.4586 -0.0359 
0.0000 0.0398 -0.5060 0.9660 -0.4600 -0.0398 
0.0000 0.0436 -0.5064 0.9678 -0.4615 -0.0436 
0.0000 0.0474 -0.5070 0.9701 -0.4631 -0.0474 
0.0000 0.0511 -0.5078 0.9728 -0.4650 -0.0511 
0.0000 0.0547 -0.5088 0.9758 -0.4670 -0.0547 
0.0000 0.0582 -0.5101 0.9793 -0.4692 -0.0582 
0.0000 0.0617 -0.5115 0.9831 -0.4716 -0.0617 
0.0000 0.0651 -0.5132 0.9873 -0.4741 -0.0651 
0.0000 0.0684 -0.5150 0.9918 -0.4768 -0.0684 
0.0000 0.0721 -0.5158 0.9959 -0.4801 -0.0721 
0.0000 0.0754 -0.5180 1.0011 -0.4831 -0.0754 
0.0000 0.0785 -0.5204 1.0066 -0.4862 -0.0785 
0.0000 0.0816 -0.5230 1.0124 -0.4894 -0.0816 
0.0000 0.0847 -0.5257 1.0185 -0.4928 -0.0847 
0.0000 0.0877 -0.5286 1.0248 -0.4962 -0.0877 
0.0000 0.0906 -0.5316 1.0314 -0.4998 -0.0906 
0.0000 0.0935 -0.5348 1.0382 -0.5035 -0.0935 
0.0000 0.0964 -0.5381 1.0453 -0.5072 -0.0964 
0.0000 0.0992 -0.5415 1.0525 -0.5110 -0.0992 
0.0000 0.1019 -0.5450 1.0598 -0.5148 -0.1019 
0.0000 0.1046 -0.5487 1.0674 -0.5187 -0.1046 
0.0000 0.1073 -0.5524 1.0750 -0.5226 -0.1073 
0.0000 0.1099 -0.5562 1.0828 -0.5266 -0.1099 
0.0000 0.1125 -0.5601 1.0907 -0.5305 -0.1125 
0.0000 0.1150 -0.5641 1.0986 -0.5345 -0.1150 
0.0000 0.1175 -0.5682 1.1066 -0.5385 -0.1175 
0.0000 0.1199 -0.5723 1.1147 -0.5424 -0.1199 
0.0000 0.1223 -0.5764 1.1228 -0.5464 -0.1223 
0.0000 0.1247 -0.5806 1.1308 -0.5503 -0.1247 
0.0000 0.1270 -0.5848 1.1389 -0.5541 -0.1270 
0.0000 0.1293 -0.5890 1.1469 -0.5579 -0.1293 
0.0000 0.1315 -0.5933 1.1549 -0.5617 -0.1315 
0.0000 0.1337 -0.5975 1.1629 -0.5653 -0.1337 
0.0000 0.1359 -0.6018 1.1707 -0.5689 -0.1359 
0.0000 0.1380 -0.6060 1.1785 -0.5725 -0.1380 
0.0000 0.1401 -0.6102 1.1861 -0.5759 -0.1401 
0.0000 0.1421 -0.6144 1.1936 -0.5792 -0.1421 
0.0000 0.1441 -0.6186 1.2010 -0.5824 -0.1441 
0.0000 0.1460 -0.6228 1.2083 -0.5855 -0.1460 
0.0000 0.1479 -0.6269 1.2154 -0.5885 -0.1479 
0.0000 0.1497 -0.6309 1.2223 -0.5914 -0.1497 
0.0000 0.1515 -0.6349 1.2290 -0.5941 -0.1515 
0.0000 0.1533 -0.6388 1.2355 -0.5967 -0.1533 
0.0000 0.1550 -0.6426 1.2418 -0.5991 -0.1550 
0.0000 0.1566 -0.6464 1.2479 -0.6015 -0.1566 
0.0000 0.1583 -0.6501 1.2537 -0.6036 -0.1583 
0.0000 0.1598 -0.6537 1.2593 -0.6056 -0.1598 
0.0000 0.1613 -0.6572 1.2647 -0.6075 -0.1613 
0.0000 0.1628 -0.6606 1.2697 -0.6092 -0.1628 
0.0000 0.1642 -0.6639 1.2746 -0.6107 -0.1642 
0.0000 0.1655 -0.6670 1.2791 -0.6121 -0.1655 
0.0000 0.1668 -0.6701 1.2834 -0.6133 -0.1668 
0.0000 0.1681 -0.6730 1.2873 -0.6143 -0.1681 
0.0000 0.1693 -0.6758 1.2910 -0.6152 -0.1693 
0.0000 0.1704 -0.6785 1.2944 -0.6159 -0.1704 
0.0000 0.1715 -0.6810 1.2974 -0.6164 -0.1715 
0.0000 0.1725 -0.6834 1.3001 -0.6168 -0.1725 
0.0000 0.1735 -0.6856 1.3026 -0.6170 -0.1735 
0.0000 0.1744 -0.6877 1.3047 -0.6170 -0.1744 
0.0000 0.1752 -0.6896 1.3064 -0.6168 -0.1752 
0.0000 0.1760 -0.6913 1.3079 -0.6165 -0.1760 
0.0000 0.1767 -0.6929 1.3090 -0.6160 -0.1767 
0.0000 0.1774 -0.6944 1.3097 -0.6154 -0.1774 
0.0000 0.1780 -0.6956 1.3102 -0.6145 -0.1780 
0.0000 0.1786 -0.6967 1.3102 -0.6136 -0.1786 
0.0000 0.1791 -0.6976 1.3100 -0.6124 -0.1791 
0.0000 0.1795 -0.6983 1.3094 -0.6111 -0.1795 
0.0000 0.1799 -0.6988 1.3085 -0.6097 -0.1799 
0.0000 0.1802 -0.6992 1.3072 -0.6081 -0.1802 
0.0000 0.1805 -0.6994 1.3056 -0.6063 -0.1805 
0.0000 0.1807 -0.6993 1.3037 -0.6044 -0.1807 
0.0000 0.1808 -0.6991 1.3015 -0.6023 -0.1808 
0.0000 0.1809 -0.6987 1.2989 -0.6001 -0.1809 
0.0000 0.1809 -0.6981 1.2960 -0.5978 -0.1809 
0.0000 0.1809 -0.6974 1.2927 -0.5954 -0.1809 
0.0000 0.1808 -0.6964 1.2892 -0.5928 -0.1808 
0.0000 0.1807 -0.6953 1.2853 -0.5901 -0.1807 
0.0000 0.1805 -0.6939 1.2812 -0.5872 -0.1805 
0.0000 0.1802 -0.6924 1.2767 -0.5843 -0.1802 
0.0000 0.1799 -0.6907 1.2719 -0.5812 -0.1799 
0.0000 0.1796 -0.6888 1.2669 -0.5781 -0.1796 
0.0000 0.1792 -0.6868 1.2615 -0.5748 -0.1792 
0.0000 0.1788 -0.6845 1.2559 -0.5714 -0.1788 
0.0000 0.1783 -0.6821 1.2501 -0.5680 -0.1783 
0.0000 0.1777 -0.6796 1.2440 -0.5644 -0.1777 
0.0000 0.1772 -0.6768 1.2376 -0.5608 -0.1772 
0.0000 0.1765 -0.6739 1.2310 -0.5571 -0.1765 
0.0000 0.1759 -0.6709 1.2242 -0.5533 -0.1759 
0.0000 0.1752 -0.6677 1.2171 -0.5494 -0.1752 
0.0000 0.1744 -0.6644 1.2099 -0.5455 -0.1744 
0.0000 0.1736 -0.6609 1.2025 -0.5415 -0.1736 
0.0000 0.1728 -0.6573 1.1949 -0.5375 -0.1728 
0.0000 0.1719 -0.6536 1.1871 -0.5335 -0.1719 
0.0000 0.1710 -0.6498 1.1791 -0.5294 -0.1710 
0.0000 0.1701 -0.6459 1.1711 -0.5252 -0.1701 
0.0000 0.1691 -0.6418 1.1629 -0.5211 -0.1691 
0.0000 0.1681 -0.6377 1.1546 -0.5169 -0.1681 
0.0000 0.1671 -0.6335 1.1462 -0.5127 -0.1671 
0.0000 0.1660 -0.6292 1.1377 -0.5085 -0.1660 
0.0000 0.1649 -0.6249 1.1292 -0.5043 -0.1649 
0.0000 0.1638 -0.6205 1.1206 -0.5001 -0.1638 
0.0000 0.1627 -0.6161 1.1120 -0.4959 -0.1627 
0.0000 0.1615 -0.6116 1.1033 -0.4917 -0.1615 
0.0000 0.1603 -0.6072 1.0947 -0.4875 -0.1603 
0.0000 0.1591 -0.6027 1.0861 -0.4834 -0.1591 
0.0000 0.1578 -0.5982 1.0776 -0.4794 -0.1578 
0.0000 0.1565 -0.5937 1.0691 -0.4753 -0.1565 
0.0000 0.1552 -0.5893 1.0607 -0.4714 -0.1552 
0.0000 0.1539 -0.5849 1.0524 -0.4675 -0.1539 
0.0000 0.1525 -0.5805 1.0442 -0.4637 -0.1525 
0.0000 0.1512 -0.5762 1.0362 -0.4599 -0.1512 
0.0000 0.1498 -0.5720 1.0283 -0.4563 -0.1498 
0.0000 0.1484 -0.5679 1.0206 -0.4527 -0.1484 
0.0000 0.1469 -0.5639 1.0131 -0.4492 -0.1469 
0.0000 0.1454 -0.5599 1.0058 -0.4459 -0.1454 
0.0000 0.1440 -0.5561 0.9988 -0.4427 -0.1440 
0.0000 0.1424 -0.5525 0.9920 -0.4396 -0.1424 
0.0000 0.1409 -0.5490 0.9856 -0.4366 -0.1409 
0.0000 0.1393 -0.5456 0.9794 -0.4338 -0.1393 
0.0000 0.1378 -0.5425 0.9736 -0.4311 -0.1378 
0.0000 0.1361 -0.5395 0.9681 -0.4286 -0.1361 
0.0000 0.1345 -0.5367 0.9629 -0.4262 -0.1345 
0.0000 0.1328 -0.5341 0.9582 -0.4241 -0.1328 
0.0000 0.1311 -0.5317 0.9538 -0.4221 -0.1311 
0.0000 0.1294 -0.5296 0.9498 -0.4203 -0.1294 
0.0000 0.1277 -0.5276 0.9463 -0.4187 -0.1277 
0.0000 0.1259 -0.5259 0.9432 -0.4172 -0.1259 
0.0000 0.1241 -0.5245 0.9405 -0.4160 -0.1241 
0.0000 0.1222 -0.5233 0.9383 -0.4150 -0.1222 
0.0000 0.1204 -0.5224 0.9366 -0.4143 -0.1204 
0.0000 0.1185 -0.5217 0.9354 -0.4137 -0.1185 
0.0000 0.1165 -0.5212 0.9346 -0.4134 -0.1165 
0.0000 0.1145 -0.5211 0.9343 -0.4132 -0.1145 
0.0000 0.1125 -0.5212 0.9345 -0.4134 -0.1125 
0.0000 0.1104 -0.5215 0.9352 -0.4137 -0.1104 
0.0000 0.1083 -0.5220 0.9361 -0.4141 -0.1083 
0.0000 0.1061 -0.5225 0.9371 -0.4146 -0.1061 
0.0000 0.1039 -0.5230 0.9380 -0.4150 -0.1039 
0.0000 0.1016 -0.5235 0.9390 -0.4155 -0.1016 
0.0000 0.0993 -0.5240 0.9399 -0.4159 -0.0993 
0.0000 0.0970 -0.5245 0.9408 -0.4164 -0.0970 
0.0000 0.0947 -0.5249 0.9417 -0.4168 -0.0947 
0.0000 0.0924 -0.5254 0.9426 -0.4172 -0.0924 
0.0000 0.0901 -0.5258 0.9434 -0.4176 -0.0901 
0.0000 0.0879 -0.5262 0.9442 -0.4180 -0.0879 
0.0000 0.0857 -0.5266 0.9450 -0.4183 -0.0857 
0.0000 0.0836 -0.5270 0.9457 -0.4187 -0.0836 
0.0000 0.0816 -0.5273 0.9464 -0.4190 -0.0816 
0.0000 0.0795 -0.5277 0.9470 -0.4193 -0.0795 
0.0000 0.0775 -0.5280 0.9476 -0.4196 -0.0775 
0.0000 0.0756 -0.5283 0.9482 -0.4199 -0.0756 
0.0000 0.0737 -0.5286 0.9488 -0.4202 -0.0737 
0.0000 0.0719 -0.5289 0.9493 -0.4204 -0.0719 
0.0000 0.0700 -0.5291 0.9498 -0.4207 -0.0700 
0.0000 0.0683 -0.5294 0.9503 -0.4209 -0.0683 
0.0000 0.0665 -0.5296 0.9508 -0.4212 -0.0665 
0.0000 0.0648 -0.5299 0.9512 -0.4214 -0.0648 
0.0000 0.0632 -0.5301 0.9516 -0.4216 -0.0632 
0.0000 0.0616 -0.5303 0.9520 -0.4218 -0.0616 
0.0000 0.0600 -0.5305 0.9524 -0.4220 -0.0600 
0.0000 0.0584 -0.5307 0.9528 -0.4221 -0.0584 
0.0000 0.0569 -0.5308 0.9531 -0.4223 -0.0569 
0.0000 0.0554 -0.5310 0.9535 -0.4225 -0.0554 
0.0000 0.0540 -0.5312 0.9538 -0.4226 -0.0540 
0.0000 0.0526 -0.5313 0.9541 -0.4228 -0.0526 
0.0000 0.0512 -0.5314 0.9544 -0.4229 -0.0512 
0.0000 0.0498 -0.5316 0.9546 -0.4230 -0.0498 
0.0000 0.0485 -0.5317 0.9549 -0.4232 -0.0485 
0.0000 0.0472 -0.5318 0.9551 -0.4233 -0.0472 
0.0000 0.0459 -0.5319 0.9554 -0.4234 -0.0459 
0.0000 0.0444 -0.5333 0.9563 -0.4230 -0.0444 
0.0000 0.0432 -0.5334 0.9565 -0.4231 -0.0432 
0.0000 0.0420 -0.5335 0.9567 -0.4232 -0.0420 
0.0000 0.0408 -0.5336 0.9569 -0.4233 -0.0408 
0.0000 0.0397 -0.5337 0.9571 -0.4233 -0.0397 
0.0000 0.0386 -0.5338 0.9572 -0.4234 -0.0386 
0.0000 0.0375 -0.5339 0.9574 -0.4235 -0.0375 
0.0000 0.0365 -0.5340 0.9576 -0.4236 -0.0365 
0.0000 0.0355 -0.5340 0.9577 -0.4237 -0.0355 
0.0000 0.0345 -0.5341 0.9578 -0.4237 -0.0345 
0.0000 0.0335 -0.5342 0.9580 -0.4238 -0.0335 
0.0000 0.0325 -0.5342 0.9581 -0.4239 -0.0325 
0.0000 0.0316 -0.5343 0.9582 -0.4239 -0.0316 
0.0000 0.0307 -0.5343 0.9583 -0.4240 -0.0307 
0.0000 0.0298 -0.5344 0.9584 -0.4241 -0.0298 
0.0000 0.0289 -0.5344 0.9585 -0.4241 -0.0289 
0.0000 0.0280 -0.5345 0.9586 -0.4242 -0.0280 
0.0000 0.0272 -0.5345 0.9587 -0.4242 -0.0272 
0.0000 0.0264 -0.5345 0.9588 -0.4243 -0.0264 
0.0000 0.0256 -0.5346 0.9589 -0.4243 -0.0256 
0.0000 0.0248 -0.5346 0.9590 -0.4244 -0.0248 
0.0000 0.0240 -0.5346 0.9590 -0.4244 -0.0240 
0.0000 0.0233 -0.5347 0.9591 -0.4244 -0.0233 
0.0000 0.0225 -0.5347 0.9592 -0.4245 -0.0225 
0.0000 0.0218 -0.5347 0.9592 -0.4245 -0.0218 
0.0000 0.0211 -0.5348 0.9593 -0.4245 -0.0211 
0.0000 0.0204 -0.5348 0.9594 -0.4246 -0.0204 
0.0000 0.0197 -0.5348 0.9594 -0.4246 -0.0197 
0.0000 0.0191 -0.5348 0.9595 -0.4246 -0.0191 
0.0000 0.0184 -0.5348 0.9595 -0.4247 -0.0184 
0.0000 0.0178 -0.5349 0.9595 -0.4247 -0.0178 
0.0000 0.0172 -0.5349 0.9596 -0.4247 -0.0172 
0.0000 0.0166 -0.5349 0.9596 -0.4247 -0.0166 
0.0000 0.0160 -0.5349 0.9597 -0.4248 -0.0160 
0.0000 0.0155 -0.5349 0.9597 -0.4248 -0.0155 
0.0000 0.0149 -0.5349 0.9597 -0.4248 -0.0149 
0.0000 0.0143 -0.5350 0.9598 -0.4248 -0.0143 
0.0000 0.0138 -0.5350 0.9598 -0.4248 -0.0138 
0.0000 0.0133 -0.5350 0.9598 -0.4249 -0.0133 
0.0000 0.0128 -0.5350 0.9599 -0.4249 -0.0128 
0.0000 0.0123 -0.5350 0.9599 -0.4249 -0.0123 
0.0000 0.0118 -0.5350 0.9599 -0.4249 -0.0118 
0.0000 0.0113 -0.5350 0.9599 -0.4249 -0.0113 
0.0000 0.0108 -0.5350 0.9599 -0.4249 -0.0108 
0.0000 0.0104 -0.5350 0.9600 -0.4249 -0.0104 
0.0000 0.0099 -0.5350 0.9600 -0.4250 -0.0099 
0.0000 0.0095 -0.5350 0.9600 -0.4250 -0.0095 
0.0000 0.0091 -0.5350 0.9600 -0.4250 -0.0091 
0.0000 0.0087 -0.5350 0.9600 -0.4250 -0.0087 
0.0000 0.0083 -0.5350 0.9600 -0.4250 -0.0083 
0.0000 0.0079 -0.5350 0.9601 -0.4250 -0.0079 
0.0000 0.0075 -0.5350 0.9601 -0.4250 -0.0075 
0.0000 0.0071 -0.5350 0.9601 -0.4250 -0.0071 
0.0000 0.0067 -0.5351 0.9601 -0.4250 -0.0067 
0.0000 0.0064 -0.5351 0.9601 -0.4250 -0.0064 
0.0000 0.0060 -0.5351 0.9601 -0.4251 -0.0060 
0.0000 0.0056 -0.5351 0.9601 -0.4251 -0.0056 
0.0000 0.0053 -0.5351 0.9601 -0.4251 -0.0053 
0.0000 0.0050 -0.5351 0.9601 -0.4251 -0.0050 
0.0000 0.0047 -0.5351 0.9601 -0.4251 -0.0047 
0.0000 0.0043 -0.5351 0.9601 -0.4251 -0.0043 
0.0000 0.0040 -0.5351 0.9601 -0.4251 -0.0040 
0.0000 0.0037 -0.5351 0.9602 -0.4251 -0.0037 
0.0000 0.0034 -0.5351 0.9602 -0.4251 -0.0034 
0.0000 0.0031 -0.5351 0.9602 -0.4251 -0.0031 
0.0000 0.0028 -0.5351 0.9602 -0.4251 -0.0028 
0.0000 0.0026 -0.5351 0.9602 -0.4251 -0.0026 
0.0000 0.0023 -0.5351 0.9602 -0.4251 -0.0023 
0.0000 0.0020 -0.5351 0.9602 -0.4251 -0.0020 
0.0000 0.0018 -0.5350 0.9602 -0.4251 -0.0018 
0.0000 0.0015 -0.5350 0.9602 -0.4251 -0.0015 
0.0000 0.0013 -0.5350 0.9602 -0.4251 -0.0013 
0.0000 0.0010 -0.5350 0.9602 -0.4251 -0.0010 
0.0000 0.0008 -0.5350 0.9602 -0.4251 -0.0008 
0.0000 0.0006 -0.5350 0.9602 -0.4251 -0.0006 
0.0000 0.0003 -0.5350 0.9602 -0.4251 -0.0003 
0.0000 0.0001 -0.5350 0.9602 -0.4251 -0.0001 
0.0000 -0.0001 -0.5350 0.9602 -0.4251 0.0001 
0.0000 -0.0003 -0.5350 0.9602 -0.4251 0.0003 
0.0000 -0.0005 -0.5350 0.9602 -0.4252 0.0005 
0.0000 -0.0007 -0.5350 0.9602 -0.4252 0.0007 
0.0000 -0.0009 -0.5350 0.9602 -0.4252 0.0009 
0.0000 -0.0011 -0.5350 0.9602 -0.4252 0.0011 
0.0000 -0.0013 -0.5350 0.9602 -0.4252 0.0013 
0.0000 -0.0015 -0.5350 0.9602 -0.4252 0.0015 
0.0000 -0.0017 -0.5350 0.9602 -0.4252 0.0017 
0.0000 -0.0019 -0.5350 0.9602 -0.4252 0.0019 
0.0000 -0.0020 -0.5350 0.9602 -0.4252 0.0020 
0.0000 -0.0022 -0.5350 0.9602 -0.4252 0.0022 
0.0000 -0.0024 -0.5350 0.9602 -0.4252 0.0024 
0.0000 -0.0025 -0.5350 0.9602 -0.4252 0.0025 
0.0000 -0.0027 -0.5350 0.9602 -0.4252 0.0027 
0.0000 -0.0028 -0.5350 0.9602 -0.4252 0.0028 
0.0000 -0.0030 -0.5350 0.9602 -0.4252 0.0030 
0.0000 -0.0031 -0.5350 0.9602 -0.4252 0.0031 
0.0000 -0.0033 -0.5350 0.9602 -0.4252 0.0033 
0.0000 -0.0034 -0.5350 0.9602 -0.4252 0.0034 
0.0000 -0.0036 -0.5350 0.9602 -0.4252 0.0036 
0.0000 -0.0037 -0.5350 0.9602 -0.4252 0.0037 
0.0000 -0.0038 -0.5350 0.9602 -0.4252 0.0038 
0.0000 -0.0039 -0.5350 0.9602 -0.4252 0.0039 
0.0000 -0.0041 -0.5350 0.9602 -0.4252 0.0041 
0.0000 -0.0042 -0.5350 0.9602 -0.4252 0.0042 
0.0000 -0.0043 -0.5350 0.9601 -0.4252 0.0043 
0.0000 -0.0044 -0.5350 0.9601 -0.4252 0.0044 
0.0000 -0.0046 -0.5350 0.9601 -0.4252 0.0046 
0.0000 -0.0047 -0.5350 0.9601 -0.4252 0.0047 
0.0000 -0.0048 -0.5350 0.9601 -0.4252 0.0048 
0.0000 -0.0049 -0.5350 0.9601 -0.4252 0.0049 
0.0000 -0.0050 -0.5350 0.9601 -0.4252 0.0050 
0.0000 -0.0051 -0.5350 0.9601 -0.4252 0.0051 
0.0000 -0.0052 -0.5350 0.9601 -0.4252 0.0052 
0.0000 -0.0053 -0.5350 0.9601 -0.4252 0.0053 
0.0000 -0.0054 -0.5350 0.9601 -0.4252 0.0054 
0.0000 -0.0055 -0.5350 0.9601 -0.4252 0.0055 
0.0000 -0.0056 -0.5349 0.9601 -0.4252 0.0056 
0.0000 -0.0057 -0.5349 0.9601 -0.4252 0.0057 
0.0000 -0.0057 -0.5349 0.9601 -0.4252 0.0057 
0.0000 -0.0058 -0.5349 0.9601 -0.4252 0.0058 
0.0000 -0.0059 -0.5349 0.9601 -0.4252 0.0059 
0.0000 -0.0060 -0.5349 0.9601 -0.4252 0.0060 
0.0000 -0.0061 -0.5349 0.9601 -0.4252 0.0061 
0.0000 -0.0062 -0.5349 0.9601 -0.4252 0.0062 
0.0000 -0.0062 -0.5349 0.9601 -0.4252 0.0062 
0.0000 -0.0063 -0.5349 0.9601 -0.4252 0.0063 
0.0000 -0.0064 -0.5349 0.9601 -0.4252 0.0064 
0.0000 -0.0065 -0.5349 0.9601 -0.4252 0.0065 
0.0000 -0.0065 -0.5349 0.9601 -0.4252 0.0065 
0.0000 -0.0066 -0.5349 0.9601 -0.4252 0.0066 
0.0000 -0.0067 -0.5349 0.9601 -0.4252 0.0067 
0.0000 -0.0067 -0.5349 0.9601 -0.4252 0.0067 
0.0000 -0.0068 -0.5349 0.9601 -0.4252 0.0068 
0.0000 -0.0068 -0.5349 0.9601 -0.4252 0.0068 
0.0000 -0.0069 -0.5349 0.9601 -0.4252 0.0069 
0.0000 -0.0070 -0.5349 0.9601 -0.4252 0.0070 
0.0000 -0.0070 -0.5349 0.9601 -0.4252 0.0070 
0.0000 -0.0071 -0.5349 0.9601 -0.4252 0.0071 
0.0000 -0.0071 -0.5349 0.9601 -0.4252 0.0071 
0.0000 -0.0072 -0.5349 0.9601 -0.4252 0.0072 
0.0000 -0.0072 -0.5349 0.9601 -0.4252 0.0072 
0.0000 -0.0073 -0.5349 0.9601 -0.4252 0.0073 
0.0000 -0.0074 -0.5349 0.9601 -0.4252 0.0074 
0.0000 -0.0074 -0.5349 0.9601 -0.4252 0.0074 
0.0000 -0.0075 -0.5349 0.9601 -0.4252 0.0075 
0.0000 -0.0075 -0.5349 0.9601 -0.4252 0.0075 
0.0000 -0.0075 -0.5349 0.9601 -0.4252 0.0075 
0.0000 -0.0076 -0.5349 0.9601 -0.4252 0.0076 
0.0000 -0.0076 -0.5349 0.9601 -0.4252 0.0076 
0.0000 -0.0077 -0.5349 0.9601 -0.4252 0.0077 
0.0000 -0.0077 -0.5349 0.9601 -0.4252 0.0077 
0.0000 -0.0078 -0.5349 0.9601 -0.4252 0.0078 
0.0000 -0.0078 -0.5349 0.9601 -0.4252 0.0078 
0.0000 -0.0078 -0.5349 0.9601 -0.4252 0.0078 
0.0000 -0.0079 -0.5349 0.9601 -0.4252 0.0079 
0.0000 -0.0079 -0.5349 0.9601 -0.4252 0.0079 
0.0000 -0.0080 -0.5349 0.9601 -0.4252 0.0080 
0.0000 -0.0080 -0.5349 0.9601 -0.4252 0.0080 
0.0000 -0.0080 -0.5349 0.9601 -0.4252 0.0080 
0.0000 -0.0081 -0.5349 0.9601 -0.4252 0.0081 
0.0000 -0.0081 -0.5349 0.9601 -0.4252 0.0081 
0.0000 -0.0081 -0.5349 0.9601 -0.4252 0.0081 
0.0000 -0.0082 -0.5349 0.9601 -0.4252 0.0082 
0.0000 -0.0082 -0.5349 0.9601 -0.4252 0.0082 
0.0000 -0.0082 -0.5349 0.9601 -0.4252 0.0082 
0.0000 -0.0083 -0.5349 0.9601 -0.4252 0.0083 
