0.0000 0.0046 -0.5359 0.9649 -0.4290 -0.0046 
0.0000 0.0046 -0.5359 0.9649 -0.4290 -0.0046 
0.0000 0.0046 -0.5359 0.9649 -0.4290 -0.0046 
0.0000 0.0046 -0.5359 0.9649 -0.4290 -0.0046 
0.0000 0.0046 -0.5359 0.9649 -0.4290 -0.0046 
0.0000 0.0046 -0.5359 0.9649 -0.4290 -0.0046 
0.0000 0.0046 -0.5359 0.9649 -0.4290 -0.0046 
0.0000 0.0046 -0.5359 0.9649 -0.4290 -0.0046 
0.0000 0.0046 -0.5359 0.9649 -0.4290 -0.0046 
0.0000 0.0046 -0.5359 0.9649 -0.4290 -0.0046 
0.0000 0.0046 -0.5359 0.9649 -0.4290 -0.0046 
0.0000 0.0046 -0.5359 0.9649 -0.4290 -0.0046 
0.0000 0.0046 -0.5359 0.9649 -0.4290 -0.0046 
0.0000 0.0046 -0.5359 0.9649 -0.4290 -0.0046 
0.0000 0.0046 -0.5359 0.9649 -0.4290 -0.0046 
0.0000 0.0046 -0.5359 0.9649 -0.4290 -0.0046 
0.0000 0.0046 -0.5359 0.9649 -0.4290 -0.0046 
0.0000 0.0046 -0.5359 0.9649 -0.4290 -0.0046 
0.0000 0.0046 -0.5359 0.9649 -0.4290 -0.0046 
0.0000 0.0046 -0.5359 0.9649 -0.4290 -0.0046 
0.0000 0.0046 -0.5359 0.9649 -0.4290 -0.0046 
0.0000 0.0046 -0.5359 0.9649 -0.4290 -0.0046 
0.0000 0.0046 -0.5359 0.9649 -0.4290 -0.0046 
0.0000 0.0046 -0.5359 0.9649 -0.4290 -0.0046 
0.0000 0.0039 -0.5343 0.9624 -0.4281 -0.0039 
0.0000 0.0038 -0.5343 0.9624 -0.4281 -0.0038 
0.0000 0.0038 -0.5343 0.9624 -0.4281 -0.0038 
0.0000 0.0038 -0.5343 0.9624 -0.4281 -0.0038 
0.0000 0.0038 -0.5343 0.9624 -0.4281 -0.0038 
0.0000 0.0037 -0.5343 0.9624 -0.4281 -0.0037 
0.0000 0.0037 -0.5343 0.9624 -0.4281 -0.0037 
0.0000 0.0037 -0.5343 0.9624 -0.4281 -0.0037 
0.0000 0.0037 -0.5343 0.9624 -0.4281 -0.0037 
0.0000 0.0036 -0.5343 0.9624 -0.4281 -0.0036 
0.0000 0.0036 -0.5343 0.9624 -0.4281 -0.0036 
0.0000 0.0036 -0.5343 0.9624 -0.4281 -0.0036 
0.0000 0.0036 -0.5343 0.9624 -0.4281 -0.0036 
0.0000 0.0035 -0.5343 0.9624 -0.4281 -0.0035 
0.0000 0.0035 -0.5343 0.9624 -0.4281 -0.0035 
0.0000 0.0035 -0.5343 0.9624 -0.4281 -0.0035 
0.0000 0.0034 -0.5343 0.9624 -0.4281 -0.0034 
0.0000 0.0034 -0.5343 0.9624 -0.4281 -0.0034 
0.0000 0.0034 -0.5343 0.9624 -0.4281 -0.0034 
0.0000 0.0034 -0.5343 0.9624 -0.4281 -0.0034 
0.0000 0.0033 -0.5343 0.9624 -0.4281 -0.0033 
0.0000 0.0033 -0.5343 0.9624 -0.4281 -0.0033 
0.0000 0.0033 -0.5343 0.9624 -0.4281 -0.0033 
0.0000 0.0033 -0.5343 0.9624 -0.4281 -0.0033 
0.0000 0.0032 -0.5343 0.9624 -0.4281 -0.0032 
0.0000 0.0032 -0.5343 0.9624 -0.4281 -0.0032 
0.0000 0.0023 -0.5332 0.9608 -0.4276 -0.0023 
0.0000 0.0022 -0.5332 0.9608 -0.4276 -0.0022 
0.0000 0.0022 -0.5332 0.9608 -0.4276 -0.0022 
0.0000 0.0021 -0.5332 0.9608 -0.4276 -0.0021 
0.0000 0.0021 -0.5332 0.9608 -0.4276 -0.0021 
0.0000 0.0020 -0.5332 0.9608 -0.4276 -0.0020 
0.0000 0.0020 -0.5332 0.9608 -0.4276 -0.0020 
0.0000 0.0019 -0.5332 0.9608 -0.4276 -0.0019 
0.0000 0.0019 -0.5332 0.9608 -0.4276 -0.0019 
0.0000 0.0018 -0.5332 0.9608 -0.4276 -0.0018 
0.0000 0.0018 -0.5332 0.9608 -0.4276 -0.0018 
0.0000 0.0017 -0.5332 0.9608 -0.4276 -0.0017 
0.0000 0.0016 -0.5332 0.9608 -0.4276 -0.0016 
0.0000 0.0016 -0.5332 0.9608 -0.4276 -0.0016 
0.0000 0.0015 -0.5332 0.9608 -0.4276 -0.0015 
0.0000 0.0015 -0.5332 0.9608 -0.4276 -0.0015 
0.0000 0.0014 -0.5332 0.9608 -0.4276 -0.0014 
0.0000 0.0013 -0.5332 0.9608 -0.4276 -0.0013 
0.0000 0.0013 -0.5332 0.9608 -0.4276 -0.0013 
0.0000 0.0012 -0.5332 0.9608 -0.4276 -0.0012 
0.0000 0.0011 -0.5332 0.9608 -0.4276 -0.0011 
0.0000 0.0010 -0.5332 0.9608 -0.4276 -0.0010 
0.0000 0.0010 -0.5332 0.9608 -0.4276 -0.0010 
0.0000 0.0009 -0.5332 0.9608 -0.4276 -0.0009 
0.0000 0.0008 -0.5332 0.9608 -0.4276 -0.0008 
0.0000 0.0007 -0.5332 0.9608 -0.4276 -0.0007 
0.0000 -0.0003 -0.5325 0.9598 -0.4273 0.0003 
0.0000 -0.0004 -0.5325 0.9598 -0.4273 0.0004 
0.0000 -0.0005 -0.5325 0.9598 -0.4273 0.0005 
0.0000 -0.0006 -0.5325 0.9598 -0.4273 0.0006 
0.0000 -0.0007 -0.5325 0.9598 -0.4273 0.0007 
0.0000 -0.0008 -0.5325 0.9598 -0.4273 0.0008 
0.0000 -0.0009 -0.5325 0.9598 -0.4273 0.0009 
0.0000 -0.0010 -0.5325 0.9598 -0.4273 0.0010 
0.0000 -0.0012 -0.5325 0.9598 -0.4273 0.0012 
0.0000 -0.0013 -0.5325 0.9598 -0.4273 0.0013 
0.0000 -0.0014 -0.5325 0.9598 -0.4273 0.0014 
0.0000 -0.0015 -0.5325 0.9598 -0.4273 0.0015 
0.0000 -0.0017 -0.5325 0.9598 -0.4273 0.0017 
0.0000 -0.0018 -0.5325 0.9598 -0.4273 0.0018 
0.0000 -0.0019 -0.5325 0.9598 -0.4273 0.0019 
0.0000 -0.0021 -0.5325 0.9598 -0.4273 0.0021 
0.0000 -0.0022 -0.5325 0.9598 -0.4273 0.0022 
0.0000 -0.0023 -0.5325 0.9598 -0.4273 0.0023 
0.0000 -0.0025 -0.5325 0.9598 -0.4273 0.0025 
0.0000 -0.0026 -0.5325 0.9598 -0.4273 0.0026 
0.0000 -0.0028 -0.5325 0.9598 -0.4273 0.0028 
0.0000 -0.0030 -0.5325 0.9598 -0.4273 0.0030 
0.0000 -0.0031 -0.5325 0.9598 -0.4273 0.0031 
0.0000 -0.0033 -0.5325 0.9598 -0.4273 0.0033 
0.0000 -0.0044 -0.5320 0.9591 -0.4271 0.0044 
0.0000 -0.0046 -0.5320 0.9591 -0.4271 0.0046 
0.0000 -0.0048 -0.5320 0.9591 -0.4271 0.0048 
0.0000 -0.0050 -0.5320 0.9591 -0.4271 0.0050 
0.0000 -0.0053 -0.5320 0.9591 -0.4271 0.0053 
0.0000 -0.0055 -0.5319 0.9591 -0.4271 0.0055 
0.0000 -0.0057 -0.5319 0.9591 -0.4271 0.0057 
0.0000 -0.0059 -0.5319 0.9590 -0.4271 0.0059 
0.0000 -0.0061 -0.5319 0.9590 -0.4271 0.0061 
0.0000 -0.0064 -0.5319 0.9590 -0.4271 0.0064 
0.0000 -0.0066 -0.5319 0.9590 -0.4271 0.0066 
0.0000 -0.0069 -0.5319 0.9590 -0.4271 0.0069 
0.0000 -0.0071 -0.5319 0.9590 -0.4271 0.0071 
0.0000 -0.0074 -0.5319 0.9590 -0.4271 0.0074 
0.0000 -0.0076 -0.5319 0.9590 -0.4271 0.0076 
0.0000 -0.0079 -0.5319 0.9590 -0.4271 0.0079 
0.0000 -0.0082 -0.5319 0.9590 -0.4271 0.0082 
0.0000 -0.0084 -0.5319 0.9590 -0.4271 0.0084 
0.0000 -0.0087 -0.5319 0.9590 -0.4271 0.0087 
0.0000 -0.0090 -0.5319 0.9590 -0.4271 0.0090 
0.0000 -0.0093 -0.5318 0.9589 -0.4271 0.0093 
0.0000 -0.0106 -0.5315 0.9584 -0.4270 0.0106 
0.0000 -0.0110 -0.5315 0.9584 -0.4270 0.0110 
0.0000 -0.0113 -0.5315 0.9584 -0.4270 0.0113 
0.0000 -0.0117 -0.5314 0.9584 -0.4270 0.0117 
0.0000 -0.0120 -0.5314 0.9584 -0.4270 0.0120 
0.0000 -0.0124 -0.5314 0.9584 -0.4270 0.0124 
0.0000 -0.0128 -0.5314 0.9584 -0.4269 0.0128 
0.0000 -0.0132 -0.5314 0.9583 -0.4269 0.0132 
0.0000 -0.0136 -0.5314 0.9583 -0.4269 0.0136 
0.0000 -0.0140 -0.5314 0.9583 -0.4269 0.0140 
0.0000 -0.0144 -0.5313 0.9583 -0.4269 0.0144 
0.0000 -0.0148 -0.5313 0.9582 -0.4269 0.0148 
0.0000 -0.0152 -0.5313 0.9582 -0.4269 0.0152 
0.0000 -0.0157 -0.5313 0.9582 -0.4269 0.0157 
0.0000 -0.0161 -0.5313 0.9582 -0.4269 0.0161 
0.0000 -0.0166 -0.5312 0.9581 -0.4269 0.0166 
0.0000 -0.0171 -0.5312 0.9581 -0.4269 0.0171 
0.0000 -0.0175 -0.5312 0.9581 -0.4269 0.0175 
0.0000 -0.0180 -0.5312 0.9580 -0.4269 0.0180 
0.0000 -0.0185 -0.5311 0.9580 -0.4269 0.0185 
0.0000 -0.0191 -0.5311 0.9580 -0.4268 0.0191 
0.0000 -0.0206 -0.5308 0.9575 -0.4267 0.0206 
0.0000 -0.0212 -0.5308 0.9575 -0.4267 0.0212 
0.0000 -0.0217 -0.5308 0.9575 -0.4267 0.0217 
0.0000 -0.0223 -0.5307 0.9574 -0.4267 0.0223 
0.0000 -0.0229 -0.5307 0.9573 -0.4267 0.0229 
0.0000 -0.0236 -0.5306 0.9573 -0.4266 0.0236 
0.0000 -0.0242 -0.5306 0.9572 -0.4266 0.0242 
0.0000 -0.0248 -0.5306 0.9572 -0.4266 0.0248 
0.0000 -0.0255 -0.5305 0.9571 -0.4266 0.0255 
0.0000 -0.0262 -0.5305 0.9570 -0.4266 0.0262 
0.0000 -0.0269 -0.5304 0.9570 -0.4265 0.0269 
0.0000 -0.0276 -0.5304 0.9569 -0.4265 0.0276 
0.0000 -0.0283 -0.5303 0.9568 -0.4265 0.0283 
0.0000 -0.0291 -0.5303 0.9567 -0.4265 0.0291 
0.0000 -0.0298 -0.5302 0.9566 -0.4264 0.0298 
0.0000 -0.0306 -0.5302 0.9566 -0.4264 0.0306 
0.0000 -0.0314 -0.5301 0.9565 -0.4264 0.0314 
0.0000 -0.0322 -0.5300 0.9564 -0.4263 0.0322 
0.0000 -0.0330 -0.5300 0.9562 -0.4263 0.0330 
0.0000 -0.0339 -0.5299 0.9561 -0.4262 0.0339 
0.0000 -0.0348 -0.5298 0.9560 -0.4262 0.0348 
0.0000 -0.0367 -0.5295 0.9555 -0.4261 0.0367 
0.0000 -0.0376 -0.5294 0.9554 -0.4260 0.0376 
0.0000 -0.0386 -0.5293 0.9553 -0.4259 0.0386 
0.0000 -0.0395 -0.5292 0.9551 -0.4259 0.0395 
0.0000 -0.0405 -0.5291 0.9550 -0.4258 0.0405 
0.0000 -0.0416 -0.5290 0.9548 -0.4258 0.0416 
0.0000 -0.0426 -0.5289 0.9546 -0.4257 0.0426 
0.0000 -0.0437 -0.5288 0.9544 -0.4256 0.0437 
0.0000 -0.0448 -0.5287 0.9543 -0.4256 0.0448 
0.0000 -0.0459 -0.5286 0.9541 -0.4255 0.0459 
0.0000 -0.0470 -0.5285 0.9539 -0.4254 0.0470 
0.0000 -0.0482 -0.5283 0.9536 -0.4253 0.0482 
0.0000 -0.0494 -0.5282 0.9534 -0.4252 0.0494 
0.0000 -0.0506 -0.5280 0.9532 -0.4251 0.0506 
0.0000 -0.0519 -0.5279 0.9529 -0.4250 0.0519 
0.0000 -0.0532 -0.5277 0.9526 -0.4249 0.0532 
0.0000 -0.0545 -0.5276 0.9524 -0.4248 0.0545 
0.0000 -0.0558 -0.5274 0.9521 -0.4247 0.0558 
0.0000 -0.0572 -0.5272 0.9518 -0.4246 0.0572 
0.0000 -0.0586 -0.5270 0.9515 -0.4244 0.0586 
0.0000 -0.0610 -0.5265 0.9507 -0.4242 0.0610 
0.0000 -0.0625 -0.5263 0.9504 -0.4240 0.0625 
0.0000 -0.0640 -0.5261 0.9500 -0.4239 0.0640 
0.0000 -0.0656 -0.5259 0.9496 -0.4237 0.0656 
0.0000 -0.0672 -0.5256 0.9492 -0.4236 0.0672 
0.0000 -0.0688 -0.5254 0.9487 -0.4234 0.0688 
0.0000 -0.0705 -0.5251 0.9483 -0.4232 0.0705 
0.0000 -0.0722 -0.5248 0.9478 -0.4230 0.0722 
0.0000 -0.0739 -0.5245 0.9473 -0.4228 0.0739 
0.0000 -0.0757 -0.5242 0.9468 -0.4226 0.0757 
0.0000 -0.0775 -0.5239 0.9462 -0.4223 0.0775 
0.0000 -0.0794 -0.5235 0.9456 -0.4221 0.0794 
0.0000 -0.0813 -0.5232 0.9450 -0.4218 0.0813 
0.0000 -0.0832 -0.5228 0.9444 -0.4216 0.0832 
0.0000 -0.0852 -0.5224 0.9437 -0.4213 0.0852 
0.0000 -0.0873 -0.5220 0.9430 -0.4210 0.0873 
0.0000 -0.0894 -0.5216 0.9423 -0.4207 0.0894 
0.0000 -0.0915 -0.5211 0.9415 -0.4204 0.0915 
0.0000 -0.0937 -0.5207 0.9407 -0.4200 0.0937 
0.0000 -0.0959 -0.5202 0.9399 -0.4197 0.0959 
0.0000 -0.0991 -0.5193 0.9385 -0.4191 0.0991 
0.0000 -0.1014 -0.5188 0.9375 -0.4188 0.1014 
0.0000 -0.1037 -0.5182 0.9366 -0.4184 0.1037 
0.0000 -0.1060 -0.5177 0.9356 -0.4179 0.1060 
0.0000 -0.1083 -0.5171 0.9346 -0.4175 0.1083 
0.0000 -0.1105 -0.5165 0.9337 -0.4171 0.1105 
0.0000 -0.1127 -0.5160 0.9327 -0.4167 0.1127 
0.0000 -0.1148 -0.5154 0.9317 -0.4163 0.1148 
0.0000 -0.1168 -0.5150 0.9310 -0.4160 0.1168 
0.0000 -0.1188 -0.5148 0.9308 -0.4159 0.1188 
0.0000 -0.1208 -0.5149 0.9310 -0.4161 0.1208 
0.0000 -0.1227 -0.5152 0.9317 -0.4165 0.1227 
0.0000 -0.1246 -0.5159 0.9330 -0.4171 0.1246 
0.0000 -0.1265 -0.5167 0.9347 -0.4180 0.1265 
0.0000 -0.1283 -0.5178 0.9369 -0.4190 0.1283 
0.0000 -0.1301 -0.5192 0.9395 -0.4203 0.1301 
0.0000 -0.1319 -0.5208 0.9426 -0.4218 0.1319 
0.0000 -0.1336 -0.5226 0.9461 -0.4235 0.1336 
0.0000 -0.1354 -0.5247 0.9500 -0.4253 0.1354 
0.0000 -0.1370 -0.5270 0.9544 -0.4274 0.1370 
0.0000 -0.1387 -0.5295 0.9591 -0.4297 0.1387 
0.0000 -0.1403 -0.5322 0.9643 -0.4321 0.1403 
0.0000 -0.1419 -0.5351 0.9698 -0.4347 0.1419 
0.0000 -0.1435 -0.5381 0.9756 -0.4375 0.1435 
0.0000 -0.1451 -0.5414 0.9818 -0.4404 0.1451 
0.0000 -0.1466 -0.5448 0.9882 -0.4434 0.1466 
0.0000 -0.1481 -0.5484 0.9950 -0.4466 0.1481 
0.0000 -0.1496 -0.5521 1.0020 -0.4498 0.1496 
0.0000 -0.1511 -0.5560 1.0092 -0.4532 0.1511 
0.0000 -0.1525 -0.5600 1.0167 -0.4567 0.1525 
0.0000 -0.1539 -0.5641 1.0244 -0.4602 0.1539 
0.0000 -0.1553 -0.5684 1.0322 -0.4639 0.1553 
0.0000 -0.1567 -0.5727 1.0403 -0.4675 0.1567 
0.0000 -0.1581 -0.5772 1.0484 -0.4713 0.1581 
0.0000 -0.1594 -0.5817 1.0567 -0.4750 0.1594 
0.0000 -0.1607 -0.5863 1.0651 -0.4788 0.1607 
0.0000 -0.1620 -0.5910 1.0736 -0.4826 0.1620 
0.0000 -0.1632 -0.5957 1.0821 -0.4864 0.1632 
0.0000 -0.1645 -0.6005 1.0906 -0.4902 0.1645 
0.0000 -0.1657 -0.6053 1.0992 -0.4939 0.1657 
0.0000 -0.1668 -0.6101 1.1078 -0.4977 0.1668 
0.0000 -0.1690 -0.6147 1.1159 -0.5012 0.1690 
0.0000 -0.1702 -0.6196 1.1245 -0.5049 0.1702 
0.0000 -0.1713 -0.6245 1.1330 -0.5085 0.1713 
0.0000 -0.1724 -0.6294 1.1414 -0.5120 0.1724 
0.0000 -0.1734 -0.6343 1.1497 -0.5155 0.1734 
0.0000 -0.1744 -0.6391 1.1580 -0.5189 0.1744 
0.0000 -0.1754 -0.6439 1.1661 -0.5222 0.1754 
0.0000 -0.1763 -0.6487 1.1741 -0.5254 0.1763 
0.0000 -0.1773 -0.6535 1.1820 -0.5285 0.1773 
0.0000 -0.1781 -0.6582 1.1897 -0.5315 0.1781 
0.0000 -0.1790 -0.6629 1.1972 -0.5344 0.1790 
0.0000 -0.1798 -0.6674 1.2046 -0.5371 0.1798 
0.0000 -0.1805 -0.6720 1.2117 -0.5398 0.1805 
0.0000 -0.1812 -0.6764 1.2187 -0.5423 0.1812 
0.0000 -0.1819 -0.6807 1.2254 -0.5447 0.1819 
0.0000 -0.1826 -0.6850 1.2319 -0.5469 0.1826 
0.0000 -0.1832 -0.6892 1.2382 -0.5490 0.1832 
0.0000 -0.1837 -0.6932 1.2442 -0.5509 0.1837 
0.0000 -0.1842 -0.6972 1.2499 -0.5528 0.1842 
0.0000 -0.1847 -0.7010 1.2554 -0.5544 0.1847 
0.0000 -0.1851 -0.7047 1.2606 -0.5559 0.1851 
0.0000 -0.1854 -0.7083 1.2655 -0.5573 0.1854 
0.0000 -0.1857 -0.7117 1.2702 -0.5584 0.1857 
0.0000 -0.1860 -0.7151 1.2745 -0.5595 0.1860 
0.0000 -0.1862 -0.7182 1.2786 -0.5603 0.1862 
0.0000 -0.1863 -0.7212 1.2823 -0.5611 0.1863 
0.0000 -0.1864 -0.7241 1.2857 -0.5616 0.1864 
0.0000 -0.1864 -0.7268 1.2888 -0.5620 0.1864 
0.0000 -0.1864 -0.7293 1.2916 -0.5622 0.1864 
0.0000 -0.1863 -0.7317 1.2940 -0.5623 0.1863 
0.0000 -0.1862 -0.7339 1.2961 -0.5622 0.1862 
0.0000 -0.1860 -0.7359 1.2979 -0.5620 0.1860 
0.0000 -0.1857 -0.7378 1.2994 -0.5616 0.1857 
0.0000 -0.1854 -0.7394 1.3005 -0.5611 0.1854 
0.0000 -0.1851 -0.7409 1.3013 -0.5604 0.1851 
0.0000 -0.1846 -0.7422 1.3017 -0.5595 0.1846 
0.0000 -0.1841 -0.7433 1.3018 -0.5585 0.1841 
0.0000 -0.1836 -0.7442 1.3015 -0.5574 0.1836 
0.0000 -0.1830 -0.7449 1.3010 -0.5561 0.1830 
0.0000 -0.1823 -0.7454 1.3001 -0.5547 0.1823 
0.0000 -0.1804 -0.7458 1.2990 -0.5532 0.1804 
0.0000 -0.1797 -0.7459 1.2974 -0.5515 0.1797 
0.0000 -0.1788 -0.7458 1.2955 -0.5497 0.1788 
0.0000 -0.1779 -0.7455 1.2933 -0.5477 0.1779 
0.0000 -0.1769 -0.7450 1.2907 -0.5457 0.1769 
0.0000 -0.1759 -0.7443 1.2878 -0.5435 0.1759 
0.0000 -0.1748 -0.7435 1.2846 -0.5412 0.1748 
0.0000 -0.1737 -0.7424 1.2811 -0.5388 0.1737 
0.0000 -0.1725 -0.7411 1.2773 -0.5363 0.1725 
0.0000 -0.1713 -0.7396 1.2732 -0.5336 0.1713 
0.0000 -0.1700 -0.7380 1.2689 -0.5309 0.1700 
0.0000 -0.1686 -0.7361 1.2642 -0.5281 0.1686 
0.0000 -0.1672 -0.7341 1.2593 -0.5252 0.1672 
0.0000 -0.1658 -0.7318 1.2541 -0.5222 0.1658 
0.0000 -0.1643 -0.7294 1.2486 -0.5192 0.1643 
0.0000 -0.1627 -0.7269 1.2429 -0.5160 0.1627 
0.0000 -0.1611 -0.7241 1.2369 -0.5128 0.1611 
0.0000 -0.1594 -0.7212 1.2307 -0.5095 0.1594 
0.0000 -0.1577 -0.7181 1.2243 -0.5062 0.1577 
0.0000 -0.1560 -0.7149 1.2177 -0.5028 0.1560 
0.0000 -0.1542 -0.7115 1.2109 -0.4994 0.1542 
0.0000 -0.1523 -0.7080 1.2039 -0.4959 0.1523 
0.0000 -0.1504 -0.7044 1.1968 -0.4924 0.1504 
0.0000 -0.1485 -0.7006 1.1894 -0.4888 0.1485 
0.0000 -0.1465 -0.6967 1.1820 -0.4852 0.1465 
0.0000 -0.1445 -0.6927 1.1744 -0.4816 0.1445 
0.0000 -0.1424 -0.6886 1.1667 -0.4780 0.1424 
0.0000 -0.1403 -0.6844 1.1588 -0.4744 0.1403 
0.0000 -0.1382 -0.6801 1.1509 -0.4708 0.1382 
0.0000 -0.1360 -0.6758 1.1429 -0.4671 0.1360 
0.0000 -0.1338 -0.6714 1.1349 -0.4635 0.1338 
0.0000 -0.1315 -0.6669 1.1268 -0.4599 0.1315 
0.0000 -0.1292 -0.6624 1.1187 -0.4563 0.1292 
0.0000 -0.1268 -0.6578 1.1106 -0.4528 0.1268 
0.0000 -0.1244 -0.6532 1.1024 -0.4492 0.1244 
0.0000 -0.1220 -0.6486 1.0944 -0.4458 0.1220 
0.0000 -0.1195 -0.6440 1.0863 -0.4423 0.1195 
0.0000 -0.1170 -0.6394 1.0783 -0.4390 0.1170 
0.0000 -0.1144 -0.6348 1.0704 -0.4356 0.1144 
0.0000 -0.1118 -0.6302 1.0626 -0.4324 0.1118 
0.0000 -0.1091 -0.6257 1.0550 -0.4292 0.1091 
0.0000 -0.1064 -0.6213 1.0474 -0.4262 0.1064 
0.0000 -0.1037 -0.6169 1.0400 -0.4232 0.1037 
0.0000 -0.0999 -0.6128 1.0331 -0.4203 0.0999 
0.0000 -0.0971 -0.6086 1.0261 -0.4175 0.0971 
0.0000 -0.0942 -0.6044 1.0192 -0.4148 0.0942 
0.0000 -0.0913 -0.6004 1.0127 -0.4123 0.0913 
0.0000 -0.0883 -0.5965 1.0063 -0.4098 0.0883 
0.0000 -0.0853 -0.5927 1.0002 -0.4075 0.0853 
0.0000 -0.0823 -0.5891 0.9944 -0.4054 0.0823 
0.0000 -0.0791 -0.5856 0.9889 -0.4034 0.0791 
0.0000 -0.0760 -0.5823 0.9838 -0.4015 0.0760 
0.0000 -0.0727 -0.5791 0.9789 -0.3998 0.0727 
0.0000 -0.0694 -0.5761 0.9744 -0.3983 0.0694 
0.0000 -0.0661 -0.5733 0.9702 -0.3969 0.0661 
0.0000 -0.0626 -0.5707 0.9665 -0.3957 0.0626 
0.0000 -0.0591 -0.5683 0.9631 -0.3947 0.0591 
0.0000 -0.0546 -0.5666 0.9604 -0.3938 0.0546 
0.0000 -0.0510 -0.5646 0.9578 -0.3931 0.0510 
0.0000 -0.0474 -0.5628 0.9555 -0.3927 0.0474 
0.0000 -0.0436 -0.5613 0.9537 -0.3925 0.0436 
0.0000 -0.0398 -0.5599 0.9523 -0.3924 0.0398 
0.0000 -0.0359 -0.5587 0.9514 -0.3926 0.0359 
0.0000 -0.0319 -0.5578 0.9508 -0.3930 0.0319 
0.0000 -0.0270 -0.5578 0.9510 -0.3932 0.0270 
0.0000 -0.0229 -0.5573 0.9513 -0.3940 0.0229 
0.0000 -0.0188 -0.5569 0.9517 -0.3948 0.0188 
0.0000 -0.0145 -0.5564 0.9521 -0.3957 0.0145 
0.0000 -0.0101 -0.5559 0.9524 -0.3965 0.0101 
0.0000 -0.0057 -0.5553 0.9527 -0.3973 0.0057 
0.0000 -0.0012 -0.5547 0.9528 -0.3981 0.0012 
0.0000 0.0033 -0.5540 0.9529 -0.3989 -0.0033 
0.0000 0.0078 -0.5533 0.9529 -0.3996 -0.0078 
0.0000 0.0123 -0.5526 0.9528 -0.4003 -0.0123 
0.0000 0.0166 -0.5518 0.9527 -0.4009 -0.0166 
0.0000 0.0209 -0.5510 0.9525 -0.4015 -0.0209 
0.0000 0.0250 -0.5501 0.9522 -0.4021 -0.0250 
0.0000 0.0297 -0.5483 0.9514 -0.4031 -0.0297 
0.0000 0.0338 -0.5474 0.9511 -0.4036 -0.0338 
0.0000 0.0377 -0.5466 0.9508 -0.4041 -0.0377 
0.0000 0.0416 -0.5459 0.9505 -0.4046 -0.0416 
0.0000 0.0453 -0.5452 0.9502 -0.4051 -0.0453 
0.0000 0.0490 -0.5445 0.9500 -0.4055 -0.0490 
0.0000 0.0526 -0.5438 0.9498 -0.4060 -0.0526 
0.0000 0.0561 -0.5432 0.9497 -0.4065 -0.0561 
0.0000 0.0603 -0.5418 0.9490 -0.4073 -0.0603 
0.0000 0.0637 -0.5412 0.9489 -0.4077 -0.0637 
0.0000 0.0670 -0.5407 0.9489 -0.4082 -0.0670 
0.0000 0.0702 -0.5402 0.9489 -0.4086 -0.0702 
0.0000 0.0733 -0.5398 0.9489 -0.4091 -0.0733 
0.0000 0.0764 -0.5394 0.9490 -0.4096 -0.0764 
0.0000 0.0793 -0.5391 0.9491 -0.4100 -0.0793 
0.0000 0.0822 -0.5388 0.9493 -0.4105 -0.0822 
0.0000 0.0850 -0.5385 0.9495 -0.4110 -0.0850 
0.0000 0.0878 -0.5383 0.9498 -0.4115 -0.0878 
0.0000 0.0904 -0.5381 0.9501 -0.4120 -0.0904 
0.0000 0.0930 -0.5380 0.9505 -0.4125 -0.0930 
0.0000 0.0956 -0.5379 0.9509 -0.4130 -0.0956 
0.0000 0.0989 -0.5371 0.9508 -0.4137 -0.0989 
0.0000 0.1013 -0.5370 0.9513 -0.4142 -0.1013 
0.0000 0.1037 -0.5371 0.9518 -0.4148 -0.1037 
0.0000 0.1060 -0.5371 0.9524 -0.4153 -0.1060 
0.0000 0.1082 -0.5372 0.9530 -0.4158 -0.1082 
0.0000 0.1104 -0.5373 0.9537 -0.4164 -0.1104 
0.0000 0.1125 -0.5375 0.9544 -0.4169 -0.1125 
0.0000 0.1145 -0.5376 0.9551 -0.4175 -0.1145 
0.0000 0.1165 -0.5379 0.9559 -0.4180 -0.1165 
0.0000 0.1184 -0.5381 0.9567 -0.4186 -0.1184 
0.0000 0.1203 -0.5384 0.9575 -0.4191 -0.1203 
0.0000 0.1221 -0.5387 0.9584 -0.4197 -0.1221 
0.0000 0.1238 -0.5390 0.9593 -0.4202 -0.1238 
0.0000 0.1255 -0.5394 0.9602 -0.4208 -0.1255 
0.0000 0.1271 -0.5398 0.9611 -0.4213 -0.1271 
0.0000 0.1287 -0.5402 0.9620 -0.4218 -0.1287 
0.0000 0.1302 -0.5406 0.9630 -0.4224 -0.1302 
0.0000 0.1317 -0.5411 0.9640 -0.4229 -0.1317 
0.0000 0.1331 -0.5415 0.9650 -0.4234 -0.1331 
0.0000 0.1345 -0.5420 0.9660 -0.4240 -0.1345 
0.0000 0.1358 -0.5425 0.9670 -0.4245 -0.1358 
0.0000 0.1371 -0.5430 0.9680 -0.4250 -0.1371 
0.0000 0.1383 -0.5435 0.9690 -0.4255 -0.1383 
0.0000 0.1395 -0.5441 0.9700 -0.4259 -0.1395 
0.0000 0.1406 -0.5446 0.9710 -0.4264 -0.1406 
0.0000 0.1417 -0.5451 0.9720 -0.4269 -0.1417 
0.0000 0.1427 -0.5457 0.9730 -0.4273 -0.1427 
0.0000 0.1437 -0.5462 0.9740 -0.4278 -0.1437 
0.0000 0.1446 -0.5468 0.9749 -0.4282 -0.1446 
0.0000 0.1455 -0.5473 0.9759 -0.4286 -0.1455 
0.0000 0.1464 -0.5478 0.9768 -0.4290 -0.1464 
0.0000 0.1471 -0.5483 0.9777 -0.4294 -0.1471 
0.0000 0.1479 -0.5489 0.9786 -0.4297 -0.1479 
0.0000 0.1486 -0.5494 0.9795 -0.4301 -0.1486 
0.0000 0.1492 -0.5499 0.9803 -0.4304 -0.1492 
0.0000 0.1498 -0.5503 0.9811 -0.4307 -0.1498 
0.0000 0.1504 -0.5508 0.9819 -0.4310 -0.1504 
0.0000 0.1509 -0.5513 0.9826 -0.4313 -0.1509 
0.0000 0.1514 -0.5517 0.9833 -0.4316 -0.1514 
0.0000 0.1518 -0.5521 0.9839 -0.4318 -0.1518 
0.0000 0.1522 -0.5525 0.9845 -0.4321 -0.1522 
0.0000 0.1525 -0.5529 0.9851 -0.4323 -0.1525 
0.0000 0.1528 -0.5532 0.9857 -0.4325 -0.1528 
0.0000 0.1530 -0.5535 0.9861 -0.4326 -0.1530 
0.0000 0.1532 -0.5538 0.9866 -0.4328 -0.1532 
0.0000 0.1534 -0.5541 0.9870 -0.4329 -0.1534 
0.0000 0.1535 -0.5543 0.9873 -0.4330 -0.1535 
0.0000 0.1535 -0.5545 0.9876 -0.4331 -0.1535 
0.0000 0.1535 -0.5547 0.9879 -0.4332 -0.1535 
0.0000 0.1535 -0.5548 0.9881 -0.4333 -0.1535 
0.0000 0.1534 -0.5549 0.9882 -0.4333 -0.1534 
0.0000 0.1533 -0.5549 0.9883 -0.4334 -0.1533 
0.0000 0.1532 -0.5550 0.9884 -0.4334 -0.1532 
0.0000 0.1529 -0.5550 0.9884 -0.4334 -0.1529 
0.0000 0.1527 -0.5549 0.9883 -0.4334 -0.1527 
0.0000 0.1524 -0.5548 0.9882 -0.4334 -0.1524 
0.0000 0.1521 -0.5547 0.9880 -0.4333 -0.1521 
0.0000 0.1517 -0.5546 0.9878 -0.4333 -0.1517 
0.0000 0.1512 -0.5544 0.9876 -0.4332 -0.1512 
0.0000 0.1508 -0.5541 0.9873 -0.4332 -0.1508 
0.0000 0.1502 -0.5538 0.9869 -0.4331 -0.1502 
0.0000 0.1497 -0.5535 0.9865 -0.4330 -0.1497 
0.0000 0.1491 -0.5532 0.9861 -0.4329 -0.1491 
0.0000 0.1484 -0.5528 0.9856 -0.4328 -0.1484 
0.0000 0.1477 -0.5524 0.9851 -0.4327 -0.1477 
0.0000 0.1469 -0.5519 0.9845 -0.4326 -0.1469 
0.0000 0.1461 -0.5514 0.9839 -0.4325 -0.1461 
0.0000 0.1453 -0.5509 0.9833 -0.4324 -0.1453 
0.0000 0.1444 -0.5503 0.9826 -0.4323 -0.1444 
0.0000 0.1435 -0.5498 0.9819 -0.4322 -0.1435 
0.0000 0.1425 -0.5491 0.9812 -0.4321 -0.1425 
0.0000 0.1414 -0.5485 0.9804 -0.4320 -0.1414 
0.0000 0.1403 -0.5478 0.9796 -0.4319 -0.1403 
0.0000 0.1392 -0.5471 0.9788 -0.4318 -0.1392 
0.0000 0.1380 -0.5463 0.9780 -0.4317 -0.1380 
0.0000 0.1368 -0.5456 0.9772 -0.4316 -0.1368 
0.0000 0.1355 -0.5448 0.9763 -0.4315 -0.1355 
0.0000 0.1342 -0.5440 0.9755 -0.4315 -0.1342 
0.0000 0.1328 -0.5431 0.9746 -0.4314 -0.1328 
0.0000 0.1314 -0.5423 0.9737 -0.4314 -0.1314 
0.0000 0.1299 -0.5414 0.9728 -0.4314 -0.1299 
0.0000 0.1283 -0.5406 0.9720 -0.4314 -0.1283 
0.0000 0.1267 -0.5397 0.9711 -0.4314 -0.1267 
0.0000 0.1251 -0.5388 0.9702 -0.4315 -0.1251 
0.0000 0.1234 -0.5379 0.9694 -0.4315 -0.1234 
0.0000 0.1216 -0.5369 0.9685 -0.4316 -0.1216 
0.0000 0.1198 -0.5360 0.9677 -0.4317 -0.1198 
0.0000 0.1179 -0.5351 0.9669 -0.4318 -0.1179 
0.0000 0.1160 -0.5342 0.9661 -0.4320 -0.1160 
0.0000 0.1140 -0.5333 0.9654 -0.4321 -0.1140 
0.0000 0.1119 -0.5323 0.9647 -0.4323 -0.1119 
0.0000 0.1098 -0.5314 0.9640 -0.4326 -0.1098 
0.0000 0.1077 -0.5305 0.9633 -0.4328 -0.1077 
0.0000 0.1054 -0.5296 0.9627 -0.4331 -0.1054 
0.0000 0.1031 -0.5287 0.9621 -0.4334 -0.1031 
0.0000 0.1007 -0.5278 0.9616 -0.4338 -0.1007 
0.0000 0.0983 -0.5270 0.9611 -0.4341 -0.0983 
0.0000 0.0958 -0.5261 0.9606 -0.4345 -0.0958 
0.0000 0.0932 -0.5253 0.9602 -0.4350 -0.0932 
0.0000 0.0906 -0.5245 0.9599 -0.4354 -0.0906 
0.0000 0.0871 -0.5246 0.9601 -0.4356 -0.0871 
0.0000 0.0843 -0.5238 0.9599 -0.4361 -0.0843 
0.0000 0.0815 -0.5231 0.9597 -0.4366 -0.0815 
0.0000 0.0786 -0.5223 0.9595 -0.4372 -0.0786 
0.0000 0.0756 -0.5216 0.9594 -0.4378 -0.0756 
0.0000 0.0726 -0.5210 0.9594 -0.4384 -0.0726 
0.0000 0.0694 -0.5203 0.9594 -0.4391 -0.0694 
0.0000 0.0662 -0.5197 0.9594 -0.4398 -0.0662 
0.0000 0.0629 -0.5191 0.9595 -0.4405 -0.0629 
0.0000 0.0595 -0.5185 0.9597 -0.4412 -0.0595 
0.0000 0.0560 -0.5179 0.9598 -0.4420 -0.0560 
0.0000 0.0524 -0.5173 0.9601 -0.4427 -0.0524 
0.0000 0.0488 -0.5168 0.9603 -0.4435 -0.0488 
0.0000 0.0450 -0.5163 0.9606 -0.4444 -0.0450 
0.0000 0.0412 -0.5158 0.9610 -0.4452 -0.0412 
0.0000 0.0372 -0.5153 0.9614 -0.4461 -0.0372 
0.0000 0.0332 -0.5148 0.9618 -0.4470 -0.0332 
0.0000 0.0290 -0.5143 0.9622 -0.4479 -0.0290 
0.0000 0.0248 -0.5138 0.9626 -0.4488 -0.0248 
0.0000 0.0204 -0.5132 0.9629 -0.4497 -0.0204 
0.0000 0.0160 -0.5126 0.9632 -0.4506 -0.0160 
0.0000 0.0114 -0.5119 0.9634 -0.4514 -0.0114 
0.0000 0.0068 -0.5112 0.9635 -0.4523 -0.0068 
0.0000 0.0022 -0.5105 0.9635 -0.4531 -0.0022 
0.0000 -0.0023 -0.5096 0.9635 -0.4538 0.0023 
0.0000 -0.0069 -0.5088 0.9633 -0.4545 0.0069 
0.0000 -0.0113 -0.5079 0.9631 -0.4552 0.0113 
0.0000 -0.0157 -0.5070 0.9628 -0.4558 0.0157 
0.0000 -0.0199 -0.5061 0.9624 -0.4563 0.0199 
0.0000 -0.0241 -0.5053 0.9622 -0.4570 0.0241 
0.0000 -0.0282 -0.5047 0.9625 -0.4578 0.0282 
0.0000 -0.0321 -0.5044 0.9631 -0.4587 0.0321 
0.0000 -0.0360 -0.5042 0.9642 -0.4599 0.0360 
0.0000 -0.0398 -0.5043 0.9656 -0.4613 0.0398 
0.0000 -0.0434 -0.5047 0.9675 -0.4628 0.0434 
0.0000 -0.0471 -0.5053 0.9698 -0.4645 0.0471 
0.0000 -0.0511 -0.5048 0.9718 -0.4669 0.0511 
0.0000 -0.0546 -0.5058 0.9748 -0.4690 0.0546 
0.0000 -0.0580 -0.5071 0.9783 -0.4712 0.0580 
0.0000 -0.0613 -0.5085 0.9822 -0.4737 0.0613 
0.0000 -0.0646 -0.5101 0.9864 -0.4762 0.0646 
0.0000 -0.0678 -0.5120 0.9909 -0.4790 0.0678 
0.0000 -0.0709 -0.5140 0.9959 -0.4819 0.0709 
0.0000 -0.0740 -0.5162 1.0011 -0.4849 0.0740 
0.0000 -0.0770 -0.5186 1.0067 -0.4881 0.0770 
0.0000 -0.0800 -0.5211 1.0125 -0.4914 0.0800 
0.0000 -0.0829 -0.5238 1.0186 -0.4948 0.0829 
0.0000 -0.0857 -0.5267 1.0250 -0.4983 0.0857 
0.0000 -0.0885 -0.5298 1.0317 -0.5019 0.0885 
0.0000 -0.0912 -0.5330 1.0386 -0.5056 0.0912 
0.0000 -0.0938 -0.5363 1.0457 -0.5094 0.0938 
0.0000 -0.0965 -0.5398 1.0529 -0.5132 0.0965 
0.0000 -0.0990 -0.5434 1.0604 -0.5170 0.0990 
0.0000 -0.1015 -0.5471 1.0680 -0.5209 0.1015 
0.0000 -0.1040 -0.5509 1.0757 -0.5248 0.1040 
0.0000 -0.1064 -0.5549 1.0836 -0.5287 0.1064 
0.0000 -0.1088 -0.5589 1.0916 -0.5327 0.1088 
0.0000 -0.1111 -0.5631 1.0996 -0.5366 0.1111 
0.0000 -0.1134 -0.5673 1.1077 -0.5404 0.1134 
0.0000 -0.1156 -0.5716 1.1159 -0.5443 0.1156 
0.0000 -0.1177 -0.5760 1.1241 -0.5481 0.1177 
0.0000 -0.1199 -0.5805 1.1323 -0.5518 0.1199 
0.0000 -0.1220 -0.5850 1.1404 -0.5555 0.1220 
0.0000 -0.1240 -0.5896 1.1486 -0.5590 0.1240 
0.0000 -0.1260 -0.5942 1.1567 -0.5625 0.1260 
0.0000 -0.1279 -0.5988 1.1648 -0.5659 0.1279 
0.0000 -0.1298 -0.6035 1.1728 -0.5692 0.1298 
0.0000 -0.1316 -0.6082 1.1807 -0.5724 0.1316 
0.0000 -0.1343 -0.6120 1.1878 -0.5758 0.1343 
0.0000 -0.1360 -0.6168 1.1955 -0.5788 0.1360 
0.0000 -0.1377 -0.6215 1.2031 -0.5815 0.1377 
0.0000 -0.1394 -0.6263 1.2105 -0.5842 0.1394 
0.0000 -0.1410 -0.6310 1.2177 -0.5867 0.1410 
0.0000 -0.1425 -0.6357 1.2247 -0.5890 0.1425 
0.0000 -0.1440 -0.6404 1.2316 -0.5912 0.1440 
0.0000 -0.1455 -0.6451 1.2383 -0.5932 0.1455 
0.0000 -0.1468 -0.6497 1.2448 -0.5951 0.1468 
0.0000 -0.1482 -0.6543 1.2510 -0.5967 0.1482 
0.0000 -0.1494 -0.6588 1.2570 -0.5982 0.1494 
0.0000 -0.1507 -0.6633 1.2628 -0.5995 0.1507 
0.0000 -0.1518 -0.6677 1.2683 -0.6006 0.1518 
0.0000 -0.1529 -0.6720 1.2735 -0.6015 0.1529 
0.0000 -0.1539 -0.6762 1.2785 -0.6023 0.1539 
0.0000 -0.1549 -0.6804 1.2832 -0.6028 0.1549 
0.0000 -0.1558 -0.6844 1.2876 -0.6032 0.1558 
0.0000 -0.1567 -0.6884 1.2918 -0.6034 0.1567 
0.0000 -0.1575 -0.6922 1.2956 -0.6033 0.1575 
0.0000 -0.1582 -0.6960 1.2991 -0.6031 0.1582 
0.0000 -0.1589 -0.6996 1.3023 -0.6027 0.1589 
0.0000 -0.1594 -0.7030 1.3051 -0.6021 0.1594 
0.0000 -0.1600 -0.7064 1.3077 -0.6013 0.1600 
0.0000 -0.1604 -0.7095 1.3099 -0.6004 0.1604 
0.0000 -0.1608 -0.7126 1.3118 -0.5992 0.1608 
0.0000 -0.1612 -0.7154 1.3133 -0.5979 0.1612 
0.0000 -0.1614 -0.7182 1.3146 -0.5964 0.1614 
0.0000 -0.1616 -0.7207 1.3154 -0.5947 0.1616 
0.0000 -0.1617 -0.7231 1.3160 -0.5929 0.1617 
0.0000 -0.1618 -0.7252 1.3162 -0.5909 0.1618 
0.0000 -0.1618 -0.7272 1.3160 -0.5888 0.1618 
0.0000 -0.1617 -0.7291 1.3155 -0.5865 0.1617 
0.0000 -0.1615 -0.7307 1.3147 -0.5840 0.1615 
0.0000 -0.1613 -0.7321 1.3135 -0.5814 0.1613 
0.0000 -0.1610 -0.7333 1.3120 -0.5787 0.1610 
0.0000 -0.1606 -0.7343 1.3101 -0.5758 0.1606 
0.0000 -0.1602 -0.7351 1.3080 -0.5729 0.1602 
0.0000 -0.1597 -0.7357 1.3054 -0.5698 0.1597 
0.0000 -0.1592 -0.7361 1.3026 -0.5665 0.1592 
0.0000 -0.1585 -0.7362 1.2995 -0.5632 0.1585 
0.0000 -0.1578 -0.7362 1.2960 -0.5598 0.1578 
0.0000 -0.1571 -0.7359 1.2922 -0.5563 0.1571 
0.0000 -0.1563 -0.7354 1.2881 -0.5527 0.1563 
0.0000 -0.1554 -0.7347 1.2837 -0.5490 0.1554 
0.0000 -0.1544 -0.7338 1.2791 -0.5452 0.1544 
0.0000 -0.1534 -0.7327 1.2741 -0.5414 0.1534 
0.0000 -0.1523 -0.7314 1.2689 -0.5375 0.1523 
0.0000 -0.1512 -0.7298 1.2634 -0.5336 0.1512 
0.0000 -0.1500 -0.7281 1.2576 -0.5296 0.1500 
0.0000 -0.1488 -0.7261 1.2517 -0.5255 0.1488 
0.0000 -0.1475 -0.7240 1.2454 -0.5215 0.1475 
0.0000 -0.1461 -0.7216 1.2390 -0.5174 0.1461 
0.0000 -0.1447 -0.7191 1.2323 -0.5132 0.1447 
0.0000 -0.1432 -0.7164 1.2254 -0.5091 0.1432 
0.0000 -0.1417 -0.7135 1.2184 -0.5049 0.1417 
0.0000 -0.1392 -0.7112 1.2115 -0.5003 0.1392 
0.0000 -0.1376 -0.7080 1.2041 -0.4961 0.1376 
0.0000 -0.1359 -0.7046 1.1965 -0.4919 0.1359 
0.0000 -0.1342 -0.7011 1.1888 -0.4877 0.1342 
0.0000 -0.1324 -0.6974 1.1810 -0.4836 0.1324 
0.0000 -0.1306 -0.6936 1.1730 -0.4794 0.1306 
0.0000 -0.1287 -0.6897 1.1650 -0.4753 0.1287 
0.0000 -0.1268 -0.6857 1.1569 -0.4712 0.1268 
0.0000 -0.1248 -0.6815 1.1487 -0.4672 0.1248 
0.0000 -0.1228 -0.6773 1.1405 -0.4632 0.1228 
0.0000 -0.1207 -0.6730 1.1322 -0.4592 0.1207 
0.0000 -0.1186 -0.6686 1.1239 -0.4553 0.1186 
0.0000 -0.1164 -0.6641 1.1156 -0.4515 0.1164 
0.0000 -0.1142 -0.6597 1.1074 -0.4477 0.1142 
0.0000 -0.1119 -0.6551 1.0991 -0.4440 0.1119 
0.0000 -0.1096 -0.6506 1.0909 -0.4404 0.1096 
0.0000 -0.1073 -0.6460 1.0828 -0.4368 0.1073 
0.0000 -0.1048 -0.6414 1.0748 -0.4333 0.1048 
0.0000 -0.1024 -0.6369 1.0669 -0.4300 0.1024 
0.0000 -0.0999 -0.6324 1.0590 -0.4267 0.0999 
0.0000 -0.0973 -0.6279 1.0514 -0.4235 0.0973 
0.0000 -0.0947 -0.6235 1.0439 -0.4204 0.0947 
0.0000 -0.0920 -0.6191 1.0366 -0.4175 0.0920 
0.0000 -0.0893 -0.6148 1.0294 -0.4146 0.0893 
0.0000 -0.0866 -0.6106 1.0225 -0.4119 0.0866 
0.0000 -0.0837 -0.6065 1.0158 -0.4094 0.0837 
0.0000 -0.0809 -0.6025 1.0094 -0.4069 0.0809 
0.0000 -0.0779 -0.5986 1.0032 -0.4046 0.0779 
0.0000 -0.0749 -0.5949 0.9974 -0.4024 0.0749 
0.0000 -0.0719 -0.5913 0.9918 -0.4004 0.0719 
0.0000 -0.0687 -0.5879 0.9865 -0.3986 0.0687 
0.0000 -0.0655 -0.5847 0.9816 -0.3969 0.0655 
0.0000 -0.0623 -0.5816 0.9770 -0.3953 0.0623 
0.0000 -0.0590 -0.5788 0.9727 -0.3940 0.0590 
0.0000 -0.0556 -0.5761 0.9688 -0.3928 0.0556 
0.0000 -0.0521 -0.5736 0.9653 -0.3917 0.0521 
0.0000 -0.0485 -0.5713 0.9622 -0.3909 0.0485 
0.0000 -0.0449 -0.5692 0.9595 -0.3903 0.0449 
0.0000 -0.0412 -0.5674 0.9572 -0.3898 0.0412 
0.0000 -0.0374 -0.5657 0.9553 -0.3896 0.0374 
0.0000 -0.0335 -0.5643 0.9538 -0.3896 0.0335 
0.0000 -0.0295 -0.5630 0.9528 -0.3897 0.0295 
0.0000 -0.0255 -0.5620 0.9521 -0.3901 0.0255 
0.0000 -0.0213 -0.5612 0.9519 -0.3907 0.0213 
0.0000 -0.0170 -0.5606 0.9521 -0.3914 0.0170 
0.0000 -0.0127 -0.5601 0.9524 -0.3923 0.0127 
0.0000 -0.0082 -0.5596 0.9527 -0.3931 0.0082 
0.0000 -0.0036 -0.5589 0.9529 -0.3940 0.0036 
0.0000 0.0011 -0.5582 0.9530 -0.3948 -0.0011 
0.0000 0.0058 -0.5575 0.9530 -0.3955 -0.0058 
0.0000 0.0105 -0.5567 0.9530 -0.3963 -0.0105 
0.0000 0.0152 -0.5559 0.9528 -0.3969 -0.0152 
0.0000 0.0199 -0.5550 0.9526 -0.3976 -0.0199 
0.0000 0.0245 -0.5541 0.9523 -0.3982 -0.0245 
0.0000 0.0290 -0.5532 0.9519 -0.3987 -0.0290 
0.0000 0.0334 -0.5522 0.9514 -0.3992 -0.0334 
0.0000 0.0377 -0.5513 0.9509 -0.3997 -0.0377 
0.0000 0.0419 -0.5503 0.9505 -0.4001 -0.0419 
0.0000 0.0459 -0.5494 0.9500 -0.4006 -0.0459 
0.0000 0.0499 -0.5486 0.9496 -0.4010 -0.0499 
0.0000 0.0538 -0.5478 0.9492 -0.4014 -0.0538 
0.0000 0.0576 -0.5470 0.9488 -0.4018 -0.0576 
0.0000 0.0613 -0.5463 0.9485 -0.4022 -0.0613 
0.0000 0.0650 -0.5456 0.9482 -0.4026 -0.0650 
0.0000 0.0685 -0.5449 0.9479 -0.4030 -0.0685 
0.0000 0.0720 -0.5443 0.9477 -0.4034 -0.0720 
0.0000 0.0754 -0.5438 0.9475 -0.4038 -0.0754 
0.0000 0.0786 -0.5433 0.9474 -0.4042 -0.0786 
0.0000 0.0819 -0.5428 0.9473 -0.4045 -0.0819 
0.0000 0.0855 -0.5411 0.9466 -0.4055 -0.0855 
0.0000 0.0886 -0.5407 0.9466 -0.4059 -0.0886 
0.0000 0.0916 -0.5404 0.9466 -0.4063 -0.0916 
0.0000 0.0945 -0.5400 0.9467 -0.4067 -0.0945 
0.0000 0.0974 -0.5398 0.9468 -0.4071 -0.0974 
0.0000 0.1002 -0.5395 0.9470 -0.4075 -0.1002 
0.0000 0.1029 -0.5393 0.9473 -0.4079 -0.1029 
0.0000 0.1056 -0.5392 0.9475 -0.4083 -0.1056 
0.0000 0.1082 -0.5391 0.9478 -0.4088 -0.1082 
0.0000 0.1107 -0.5390 0.9482 -0.4092 -0.1107 
0.0000 0.1132 -0.5390 0.9486 -0.4096 -0.1132 
0.0000 0.1156 -0.5390 0.9491 -0.4101 -0.1156 
0.0000 0.1180 -0.5390 0.9495 -0.4105 -0.1180 
0.0000 0.1203 -0.5391 0.9500 -0.4110 -0.1203 
0.0000 0.1225 -0.5391 0.9506 -0.4115 -0.1225 
0.0000 0.1247 -0.5393 0.9512 -0.4119 -0.1247 
0.0000 0.1269 -0.5394 0.9518 -0.4124 -0.1269 
0.0000 0.1289 -0.5396 0.9524 -0.4128 -0.1289 
0.0000 0.1310 -0.5398 0.9531 -0.4133 -0.1310 
0.0000 0.1329 -0.5400 0.9538 -0.4138 -0.1329 
0.0000 0.1349 -0.5403 0.9545 -0.4142 -0.1349 
0.0000 0.1367 -0.5406 0.9552 -0.4147 -0.1367 
0.0000 0.1385 -0.5408 0.9560 -0.4151 -0.1385 
0.0000 0.1403 -0.5411 0.9567 -0.4156 -0.1403 
0.0000 0.1420 -0.5415 0.9575 -0.4160 -0.1420 
0.0000 0.1437 -0.5418 0.9583 -0.4165 -0.1437 
0.0000 0.1453 -0.5421 0.9590 -0.4169 -0.1453 
0.0000 0.1469 -0.5425 0.9598 -0.4173 -0.1469 
0.0000 0.1485 -0.5429 0.9606 -0.4178 -0.1485 
0.0000 0.1500 -0.5432 0.9614 -0.4182 -0.1500 
0.0000 0.1514 -0.5436 0.9621 -0.4186 -0.1514 
0.0000 0.1528 -0.5440 0.9629 -0.4189 -0.1528 
0.0000 0.1542 -0.5443 0.9637 -0.4193 -0.1542 
0.0000 0.1555 -0.5447 0.9644 -0.4197 -0.1555 
0.0000 0.1568 -0.5451 0.9651 -0.4200 -0.1568 
0.0000 0.1580 -0.5454 0.9658 -0.4204 -0.1580 
0.0000 0.1592 -0.5458 0.9665 -0.4207 -0.1592 
0.0000 0.1604 -0.5461 0.9671 -0.4210 -0.1604 
0.0000 0.1615 -0.5465 0.9677 -0.4213 -0.1615 
0.0000 0.1625 -0.5468 0.9683 -0.4216 -0.1625 
0.0000 0.1636 -0.5471 0.9689 -0.4218 -0.1636 
0.0000 0.1646 -0.5474 0.9694 -0.4221 -0.1646 
0.0000 0.1655 -0.5477 0.9699 -0.4223 -0.1655 
0.0000 0.1664 -0.5479 0.9704 -0.4225 -0.1664 
0.0000 0.1673 -0.5482 0.9708 -0.4226 -0.1673 
0.0000 0.1682 -0.5484 0.9712 -0.4228 -0.1682 
0.0000 0.1690 -0.5486 0.9715 -0.4229 -0.1690 
0.0000 0.1697 -0.5487 0.9718 -0.4230 -0.1697 
0.0000 0.1705 -0.5489 0.9720 -0.4231 -0.1705 
0.0000 0.1712 -0.5490 0.9722 -0.4232 -0.1712 
0.0000 0.1718 -0.5491 0.9724 -0.4232 -0.1718 
0.0000 0.1724 -0.5492 0.9725 -0.4233 -0.1724 
0.0000 0.1730 -0.5492 0.9725 -0.4233 -0.1730 
0.0000 0.1736 -0.5492 0.9725 -0.4232 -0.1736 
0.0000 0.1741 -0.5492 0.9724 -0.4232 -0.1741 
0.0000 0.1746 -0.5492 0.9723 -0.4231 -0.1746 
0.0000 0.1750 -0.5491 0.9721 -0.4230 -0.1750 
0.0000 0.1754 -0.5490 0.9719 -0.4229 -0.1754 
0.0000 0.1758 -0.5489 0.9716 -0.4228 -0.1758 
0.0000 0.1761 -0.5487 0.9713 -0.4226 -0.1761 
0.0000 0.1764 -0.5485 0.9709 -0.4225 -0.1764 
0.0000 0.1767 -0.5482 0.9705 -0.4223 -0.1767 
0.0000 0.1769 -0.5480 0.9700 -0.4220 -0.1769 
0.0000 0.1771 -0.5476 0.9695 -0.4218 -0.1771 
0.0000 0.1773 -0.5473 0.9689 -0.4216 -0.1773 
0.0000 0.1775 -0.5469 0.9682 -0.4213 -0.1775 
0.0000 0.1776 -0.5465 0.9675 -0.4210 -0.1776 
0.0000 0.1776 -0.5461 0.9668 -0.4207 -0.1776 
0.0000 0.1777 -0.5456 0.9660 -0.4203 -0.1777 
0.0000 0.1777 -0.5451 0.9651 -0.4200 -0.1777 
0.0000 0.1777 -0.5446 0.9642 -0.4196 -0.1777 
0.0000 0.1776 -0.5440 0.9633 -0.4193 -0.1776 
0.0000 0.1775 -0.5435 0.9623 -0.4189 -0.1775 
0.0000 0.1774 -0.5428 0.9613 -0.4185 -0.1774 
0.0000 0.1772 -0.5422 0.9603 -0.4181 -0.1772 
0.0000 0.1771 -0.5415 0.9592 -0.4176 -0.1771 
0.0000 0.1768 -0.5408 0.9581 -0.4172 -0.1768 
0.0000 0.1766 -0.5401 0.9569 -0.4168 -0.1766 
0.0000 0.1763 -0.5394 0.9557 -0.4163 -0.1763 
0.0000 0.1760 -0.5386 0.9545 -0.4159 -0.1760 
0.0000 0.1757 -0.5379 0.9533 -0.4154 -0.1757 
0.0000 0.1753 -0.5371 0.9521 -0.4150 -0.1753 
0.0000 0.1749 -0.5363 0.9508 -0.4145 -0.1749 
0.0000 0.1744 -0.5354 0.9495 -0.4141 -0.1744 
0.0000 0.1740 -0.5346 0.9482 -0.4136 -0.1740 
0.0000 0.1735 -0.5338 0.9470 -0.4132 -0.1735 
0.0000 0.1729 -0.5329 0.9457 -0.4127 -0.1729 
0.0000 0.1724 -0.5321 0.9444 -0.4123 -0.1724 
0.0000 0.1718 -0.5312 0.9431 -0.4119 -0.1718 
0.0000 0.1711 -0.5304 0.9418 -0.4114 -0.1711 
0.0000 0.1705 -0.5295 0.9405 -0.4110 -0.1705 
0.0000 0.1698 -0.5287 0.9393 -0.4106 -0.1698 
0.0000 0.1690 -0.5278 0.9380 -0.4102 -0.1690 
0.0000 0.1683 -0.5270 0.9368 -0.4098 -0.1683 
0.0000 0.1675 -0.5262 0.9356 -0.4095 -0.1675 
0.0000 0.1667 -0.5254 0.9345 -0.4091 -0.1667 
0.0000 0.1658 -0.5246 0.9334 -0.4088 -0.1658 
0.0000 0.1649 -0.5238 0.9323 -0.4085 -0.1649 
0.0000 0.1640 -0.5230 0.9312 -0.4082 -0.1640 
0.0000 0.1630 -0.5223 0.9302 -0.4079 -0.1630 
0.0000 0.1620 -0.5216 0.9292 -0.4076 -0.1620 
0.0000 0.1610 -0.5209 0.9283 -0.4074 -0.1610 
0.0000 0.1599 -0.5203 0.9275 -0.4072 -0.1599 
0.0000 0.1588 -0.5197 0.9267 -0.4070 -0.1588 
0.0000 0.1577 -0.5191 0.9259 -0.4069 -0.1577 
0.0000 0.1565 -0.5185 0.9253 -0.4067 -0.1565 
0.0000 0.1553 -0.5180 0.9247 -0.4066 -0.1553 
0.0000 0.1541 -0.5176 0.9241 -0.4066 -0.1541 
0.0000 0.1528 -0.5171 0.9237 -0.4065 -0.1528 
0.0000 0.1515 -0.5168 0.9233 -0.4065 -0.1515 
0.0000 0.1501 -0.5164 0.9230 -0.4065 -0.1501 
0.0000 0.1487 -0.5162 0.9227 -0.4066 -0.1487 
0.0000 0.1472 -0.5159 0.9226 -0.4066 -0.1472 
0.0000 0.1458 -0.5158 0.9225 -0.4067 -0.1458 
0.0000 0.1442 -0.5157 0.9225 -0.4069 -0.1442 
0.0000 0.1427 -0.5156 0.9227 -0.4071 -0.1427 
0.0000 0.1410 -0.5156 0.9229 -0.4073 -0.1410 
0.0000 0.1394 -0.5156 0.9231 -0.4075 -0.1394 
0.0000 0.1377 -0.5158 0.9235 -0.4078 -0.1377 
0.0000 0.1359 -0.5159 0.9240 -0.4081 -0.1359 
0.0000 0.1341 -0.5162 0.9245 -0.4084 -0.1341 
0.0000 0.1323 -0.5164 0.9252 -0.4087 -0.1323 
0.0000 0.1304 -0.5168 0.9259 -0.4091 -0.1304 
0.0000 0.1284 -0.5172 0.9268 -0.4096 -0.1284 
0.0000 0.1264 -0.5176 0.9277 -0.4100 -0.1264 
0.0000 0.1244 -0.5182 0.9287 -0.4105 -0.1244 
0.0000 0.1222 -0.5187 0.9298 -0.4110 -0.1222 
0.0000 0.1201 -0.5193 0.9308 -0.4115 -0.1201 
0.0000 0.1178 -0.5198 0.9319 -0.4121 -0.1178 
0.0000 0.1156 -0.5204 0.9330 -0.4126 -0.1156 
0.0000 0.1133 -0.5210 0.9340 -0.4131 -0.1133 
0.0000 0.1110 -0.5215 0.9351 -0.4136 -0.1110 
0.0000 0.1087 -0.5220 0.9361 -0.4141 -0.1087 
0.0000 0.1064 -0.5226 0.9371 -0.4145 -0.1064 
0.0000 0.1041 -0.5231 0.9381 -0.4150 -0.1041 
0.0000 0.1019 -0.5235 0.9390 -0.4154 -0.1019 
0.0000 0.0997 -0.5240 0.9399 -0.4159 -0.0997 
0.0000 0.0976 -0.5244 0.9407 -0.4163 -0.0976 
0.0000 0.0956 -0.5248 0.9415 -0.4166 -0.0956 
0.0000 0.0935 -0.5252 0.9423 -0.4170 -0.0935 
0.0000 0.0916 -0.5256 0.9430 -0.4174 -0.0916 
0.0000 0.0896 -0.5260 0.9437 -0.4177 -0.0896 
0.0000 0.0877 -0.5263 0.9444 -0.4180 -0.0877 
0.0000 0.0859 -0.5267 0.9450 -0.4183 -0.0859 
0.0000 0.0841 -0.5270 0.9456 -0.4186 -0.0841 
0.0000 0.0823 -0.5273 0.9462 -0.4189 -0.0823 
0.0000 0.0806 -0.5276 0.9468 -0.4192 -0.0806 
0.0000 0.0789 -0.5278 0.9473 -0.4195 -0.0789 
0.0000 0.0772 -0.5281 0.9478 -0.4197 -0.0772 
0.0000 0.0756 -0.5283 0.9483 -0.4199 -0.0756 
0.0000 0.0740 -0.5286 0.9488 -0.4202 -0.0740 
0.0000 0.0725 -0.5288 0.9492 -0.4204 -0.0725 
0.0000 0.0710 -0.5290 0.9496 -0.4206 -0.0710 
0.0000 0.0695 -0.5292 0.9501 -0.4208 -0.0695 
0.0000 0.0681 -0.5294 0.9505 -0.4210 -0.0681 
0.0000 0.0666 -0.5296 0.9508 -0.4212 -0.0666 
0.0000 0.0653 -0.5298 0.9512 -0.4214 -0.0653 
0.0000 0.0639 -0.5300 0.9515 -0.4215 -0.0639 
0.0000 0.0626 -0.5302 0.9519 -0.4217 -0.0626 
0.0000 0.0613 -0.5303 0.9522 -0.4219 -0.0613 
0.0000 0.0600 -0.5305 0.9525 -0.4220 -0.0600 
0.0000 0.0585 -0.5319 0.9535 -0.4216 -0.0585 
0.0000 0.0573 -0.5320 0.9538 -0.4217 -0.0573 
0.0000 0.0561 -0.5322 0.9540 -0.4219 -0.0561 
0.0000 0.0549 -0.5323 0.9543 -0.4220 -0.0549 
0.0000 0.0538 -0.5324 0.9545 -0.4221 -0.0538 
0.0000 0.0527 -0.5325 0.9548 -0.4222 -0.0527 
0.0000 0.0516 -0.5326 0.9550 -0.4223 -0.0516 
0.0000 0.0506 -0.5327 0.9552 -0.4224 -0.0506 
0.0000 0.0496 -0.5328 0.9554 -0.4226 -0.0496 
0.0000 0.0486 -0.5329 0.9556 -0.4227 -0.0486 
0.0000 0.0476 -0.5330 0.9558 -0.4227 -0.0476 
0.0000 0.0466 -0.5331 0.9559 -0.4228 -0.0466 
0.0000 0.0457 -0.5332 0.9561 -0.4229 -0.0457 
0.0000 0.0448 -0.5333 0.9563 -0.4230 -0.0448 
0.0000 0.0439 -0.5333 0.9564 -0.4231 -0.0439 
0.0000 0.0430 -0.5334 0.9566 -0.4232 -0.0430 
0.0000 0.0421 -0.5335 0.9567 -0.4232 -0.0421 
0.0000 0.0413 -0.5335 0.9569 -0.4233 -0.0413 
0.0000 0.0405 -0.5336 0.9570 -0.4234 -0.0405 
0.0000 0.0397 -0.5337 0.9571 -0.4234 -0.0397 
0.0000 0.0389 -0.5337 0.9572 -0.4235 -0.0389 
0.0000 0.0381 -0.5338 0.9574 -0.4236 -0.0381 
0.0000 0.0374 -0.5338 0.9575 -0.4236 -0.0374 
0.0000 0.0366 -0.5339 0.9576 -0.4237 -0.0366 
0.0000 0.0359 -0.5339 0.9577 -0.4237 -0.0359 
0.0000 0.0352 -0.5340 0.9578 -0.4238 -0.0352 
0.0000 0.0345 -0.5340 0.9579 -0.4238 -0.0345 
0.0000 0.0339 -0.5341 0.9580 -0.4239 -0.0339 
0.0000 0.0332 -0.5341 0.9580 -0.4239 -0.0332 
0.0000 0.0326 -0.5341 0.9581 -0.4240 -0.0326 
0.0000 0.0319 -0.5342 0.9582 -0.4240 -0.0319 
0.0000 0.0313 -0.5342 0.9583 -0.4241 -0.0313 
0.0000 0.0307 -0.5342 0.9583 -0.4241 -0.0307 
0.0000 0.0301 -0.5343 0.9584 -0.4241 -0.0301 
0.0000 0.0296 -0.5343 0.9585 -0.4242 -0.0296 
0.0000 0.0290 -0.5343 0.9585 -0.4242 -0.0290 
0.0000 0.0285 -0.5344 0.9586 -0.4243 -0.0285 
0.0000 0.0279 -0.5344 0.9587 -0.4243 -0.0279 
0.0000 0.0274 -0.5344 0.9587 -0.4243 -0.0274 
0.0000 0.0269 -0.5344 0.9588 -0.4243 -0.0269 
0.0000 0.0264 -0.5345 0.9588 -0.4244 -0.0264 
0.0000 0.0259 -0.5345 0.9589 -0.4244 -0.0259 
0.0000 0.0254 -0.5345 0.9589 -0.4244 -0.0254 
0.0000 0.0250 -0.5345 0.9590 -0.4245 -0.0250 
0.0000 0.0245 -0.5345 0.9590 -0.4245 -0.0245 
0.0000 0.0241 -0.5346 0.9591 -0.4245 -0.0241 
0.0000 0.0236 -0.5346 0.9591 -0.4245 -0.0236 
0.0000 0.0232 -0.5346 0.9591 -0.4246 -0.0232 
0.0000 0.0228 -0.5346 0.9592 -0.4246 -0.0228 
0.0000 0.0224 -0.5346 0.9592 -0.4246 -0.0224 
0.0000 0.0220 -0.5346 0.9592 -0.4246 -0.0220 
0.0000 0.0216 -0.5346 0.9593 -0.4246 -0.0216 
0.0000 0.0212 -0.5347 0.9593 -0.4247 -0.0212 
0.0000 0.0208 -0.5347 0.9593 -0.4247 -0.0208 
0.0000 0.0205 -0.5347 0.9594 -0.4247 -0.0205 
0.0000 0.0201 -0.5347 0.9594 -0.4247 -0.0201 
0.0000 0.0198 -0.5347 0.9594 -0.4247 -0.0198 
0.0000 0.0194 -0.5347 0.9595 -0.4247 -0.0194 
0.0000 0.0191 -0.5347 0.9595 -0.4248 -0.0191 
0.0000 0.0188 -0.5347 0.9595 -0.4248 -0.0188 
0.0000 0.0185 -0.5347 0.9595 -0.4248 -0.0185 
0.0000 0.0181 -0.5347 0.9595 -0.4248 -0.0181 
0.0000 0.0178 -0.5348 0.9596 -0.4248 -0.0178 
0.0000 0.0175 -0.5348 0.9596 -0.4248 -0.0175 
0.0000 0.0173 -0.5348 0.9596 -0.4248 -0.0173 
0.0000 0.0170 -0.5348 0.9596 -0.4248 -0.0170 
0.0000 0.0167 -0.5348 0.9596 -0.4249 -0.0167 
0.0000 0.0164 -0.5348 0.9597 -0.4249 -0.0164 
0.0000 0.0162 -0.5348 0.9597 -0.4249 -0.0162 
0.0000 0.0159 -0.5348 0.9597 -0.4249 -0.0159 
0.0000 0.0156 -0.5348 0.9597 -0.4249 -0.0156 
0.0000 0.0154 -0.5348 0.9597 -0.4249 -0.0154 
0.0000 0.0152 -0.5348 0.9597 -0.4249 -0.0152 
0.0000 0.0149 -0.5348 0.9598 -0.4249 -0.0149 
0.0000 0.0147 -0.5348 0.9598 -0.4249 -0.0147 
0.0000 0.0145 -0.5348 0.9598 -0.4249 -0.0145 
0.0000 0.0142 -0.5348 0.9598 -0.4250 -0.0142 
0.0000 0.0140 -0.5348 0.9598 -0.4250 -0.0140 
0.0000 0.0138 -0.5348 0.9598 -0.4250 -0.0138 
0.0000 0.0136 -0.5348 0.9598 -0.4250 -0.0136 
0.0000 0.0134 -0.5349 0.9598 -0.4250 -0.0134 
0.0000 0.0132 -0.5349 0.9598 -0.4250 -0.0132 
0.0000 0.0130 -0.5349 0.9599 -0.4250 -0.0130 
0.0000 0.0128 -0.5349 0.9599 -0.4250 -0.0128 
0.0000 0.0126 -0.5349 0.9599 -0.4250 -0.0126 
0.0000 0.0124 -0.5349 0.9599 -0.4250 -0.0124 
0.0000 0.0123 -0.5349 0.9599 -0.4250 -0.0123 
0.0000 0.0121 -0.5349 0.9599 -0.4250 -0.0121 
0.0000 0.0119 -0.5349 0.9599 -0.4250 -0.0119 
0.0000 0.0118 -0.5349 0.9599 -0.4250 -0.0118 
0.0000 0.0116 -0.5349 0.9599 -0.4250 -0.0116 
0.0000 0.0114 -0.5349 0.9599 -0.4251 -0.0114 
0.0000 0.0113 -0.5349 0.9599 -0.4251 -0.0113 
0.0000 0.0111 -0.5349 0.9599 -0.4251 -0.0111 
0.0000 0.0110 -0.5349 0.9600 -0.4251 -0.0110 
0.0000 0.0109 -0.5349 0.9600 -0.4251 -0.0109 
0.0000 0.0107 -0.5349 0.9600 -0.4251 -0.0107 
0.0000 0.0106 -0.5349 0.9600 -0.4251 -0.0106 
0.0000 0.0104 -0.5349 0.9600 -0.4251 -0.0104 
0.0000 0.0103 -0.5349 0.9600 -0.4251 -0.0103 
0.0000 0.0102 -0.5349 0.9600 -0.4251 -0.0102 
0.0000 0.0100 -0.5349 0.9600 -0.4251 -0.0100 
0.0000 0.0099 -0.5349 0.9600 -0.4251 -0.0099 
0.0000 0.0098 -0.5349 0.9600 -0.4251 -0.0098 
0.0000 0.0097 -0.5349 0.9600 -0.4251 -0.0097 
0.0000 0.0096 -0.5349 0.9600 -0.4251 -0.0096 
0.0000 0.0095 -0.5349 0.9600 -0.4251 -0.0095 
0.0000 0.0094 -0.5349 0.9600 -0.4251 -0.0094 
0.0000 0.0092 -0.5349 0.9600 -0.4251 -0.0092 
0.0000 0.0091 -0.5349 0.9600 -0.4251 -0.0091 
0.0000 0.0090 -0.5349 0.9600 -0.4251 -0.0090 
0.0000 0.0089 -0.5349 0.9600 -0.4251 -0.0089 
0.0000 0.0088 -0.5349 0.9600 -0.4251 -0.0088 
0.0000 0.0087 -0.5349 0.9600 -0.4251 -0.0087 
0.0000 0.0086 -0.5349 0.9600 -0.4251 -0.0086 
0.0000 0.0086 -0.5349 0.9600 -0.4251 -0.0086 
0.0000 0.0085 -0.5349 0.9600 -0.4251 -0.0085 
0.0000 0.0084 -0.5349 0.9601 -0.4251 -0.0084 
0.0000 0.0083 -0.5349 0.9601 -0.4251 -0.0083 
0.0000 0.0082 -0.5349 0.9601 -0.4251 -0.0082 
0.0000 0.0081 -0.5349 0.9601 -0.4251 -0.0081 
0.0000 0.0080 -0.5349 0.9601 -0.4252 -0.0080 
0.0000 0.0080 -0.5349 0.9601 -0.4252 -0.0080 
0.0000 0.0079 -0.5349 0.9601 -0.4252 -0.0079 
0.0000 0.0078 -0.5349 0.9601 -0.4252 -0.0078 
0.0000 0.0077 -0.5349 0.9601 -0.4252 -0.0077 
0.0000 0.0077 -0.5349 0.9601 -0.4252 -0.0077 
0.0000 0.0076 -0.5349 0.9601 -0.4252 -0.0076 
0.0000 0.0075 -0.5349 0.9601 -0.4252 -0.0075 
0.0000 0.0075 -0.5349 0.9601 -0.4252 -0.0075 
0.0000 0.0074 -0.5349 0.9601 -0.4252 -0.0074 
0.0000 0.0073 -0.5349 0.9601 -0.4252 -0.0073 
0.0000 0.0073 -0.5349 0.9601 -0.4252 -0.0073 
0.0000 0.0072 -0.5349 0.9601 -0.4252 -0.0072 
0.0000 0.0072 -0.5349 0.9601 -0.4252 -0.0072 
0.0000 0.0071 -0.5349 0.9601 -0.4252 -0.0071 
0.0000 0.0070 -0.5349 0.9601 -0.4252 -0.0070 
0.0000 0.0070 -0.5349 0.9601 -0.4252 -0.0070 
0.0000 0.0069 -0.5349 0.9601 -0.4252 -0.0069 
0.0000 0.0069 -0.5349 0.9601 -0.4252 -0.0069 
0.0000 0.0068 -0.5349 0.9601 -0.4252 -0.0068 
0.0000 0.0068 -0.5349 0.9601 -0.4252 -0.0068 
0.0000 0.0067 -0.5349 0.9601 -0.4252 -0.0067 
0.0000 0.0067 -0.5349 0.9601 -0.4252 -0.0067 
0.0000 0.0066 -0.5349 0.9601 -0.4252 -0.0066 
0.0000 0.0066 -0.5349 0.9601 -0.4252 -0.0066 
0.0000 0.0065 -0.5349 0.9601 -0.4252 -0.0065 
0.0000 0.0065 -0.5349 0.9601 -0.4252 -0.0065 
0.0000 0.0064 -0.5349 0.9601 -0.4252 -0.0064 
0.0000 0.0064 -0.5349 0.9601 -0.4252 -0.0064 
0.0000 0.0064 -0.5349 0.9601 -0.4252 -0.0064 
0.0000 0.0063 -0.5349 0.9601 -0.4252 -0.0063 
0.0000 0.0063 -0.5349 0.9601 -0.4252 -0.0063 
0.0000 0.0062 -0.5349 0.9601 -0.4252 -0.0062 
0.0000 0.0062 -0.5349 0.9601 -0.4252 -0.0062 
0.0000 0.0062 -0.5349 0.9601 -0.4252 -0.0062 
0.0000 0.0061 -0.5349 0.9601 -0.4252 -0.0061 
0.0000 0.0061 -0.5349 0.9601 -0.4252 -0.0061 
0.0000 0.0061 -0.5349 0.9601 -0.4252 -0.0061 
0.0000 0.0060 -0.5349 0.9601 -0.4252 -0.0060 
0.0000 0.0060 -0.5349 0.9601 -0.4252 -0.0060 
0.0000 0.0060 -0.5349 0.9601 -0.4252 -0.0060 
0.0000 0.0059 -0.5349 0.9601 -0.4252 -0.0059 
0.0000 0.0059 -0.5349 0.9601 -0.4252 -0.0059 
0.0000 0.0059 -0.5349 0.9601 -0.4252 -0.0059 
